	GSM2785932	GSM2785933	GSM2785934	GSM2785935	GSM2785936	GSM2785937	GSM2785938	GSM2785939	GSM2785940	GSM2785941	GSM2785942	GSM2785943	GSM2785944	GSM2785945	GSM2785946	GSM2785947	GSM2785948	GSM2785949	GSM2785950	GSM2785951	GSM2785952	tvalue	pvalue
CB_000143	0.7057991	1.5571737	2.6558876	3.0754566	1.1252394	1.7017097	0.3891487	0.8170767	1.7234402	2.0496197	1.5372438	1.8397284	1.2166471	2.3890953	1.9678535	2.4074821	1.661521	2.295785	2.3859196	2.2042007	0.41595936	-6.08370868340937	0.000294719217402375
CB_000242	-4.8649063	-4.331129	-4.3345575	-2.7320209	-5.4687686	-4.543975	-5.7089863	-4.655969	-4.7349577	-3.6136384	-5.098251	-3.6127863	-5.170621	-3.9863186	-4.4624796	-3.558649	-4.824223	-4.143007	-5.2289734	-3.9637947	-5.096166	-9.14435588224009	1.64828950069266e-05
CB_000346	4.768915	5.255166	4.3919964	4.8781614	5.11318	5.3181458	4.2964745	4.5725756	4.6586714	4.936595	5.2431784	5.442566	4.663128	4.895694	4.6929197	4.8937798	4.862402	5.032983	4.483164	4.9246254	3.8847523	-6.96733296797383	0.000116378393547717
CB_001557	1.541482	1.2202692	0.52574825	-0.15659332	2.204877	1.5249329	1.792407	1.4035597	1.4851189	0.54911613	2.339882	1.7182846	0.60148144	0.42936325	1.4406252	0.75976753	1.5746536	0.7217035	0.19294167	0.8108463	1.4553204	7.1003738299483	0.000101955274816745
CB_001585	-0.3752327	0.47027302	0.17087746	0.8614559	0.63395023	0.88116646	-0.913394	-0.25014877	-0.2433796	0.34051895	0.26310635	0.6646948	0.2274437	0.7023907	0.02417469	0.818408	0.19420433	0.4410038	0.58437824	0.69023514	-1.0316272	-7.45117046345478	7.25642032170934e-05
CB_001634	-3.148963	-3.3509054	-4.0471296	-4.9384646	-3.2701855	-3.9009833	-2.2543216	-2.7789497	-4.2706904	-4.7033205	-2.927267	-3.909017	-3.252377	-3.8604984	-3.4505548	-4.263135	-3.4473248	-4.2278748	-4.1121883	-4.9728885	-3.5353537	8.00038034400807	4.36533184152772e-05
CB_002910	-2.9985147	-3.5873752	-2.853426	-3.159463	-2.893736	-3.870638	-2.5810442	-2.855332	-2.2205644	-2.6914663	-3.5476952	-3.8335862	-2.6440902	-2.953421	-2.697783	-3.4559383	-2.9765754	-3.4102564	-3.185759	-4.0804615	-3.7777748	6.0122003454083	0.000319029097030948
CB_003564	-2.4847727	-2.5533538	-4.118973	-5.4615955	-2.8925757	-3.6945238	-2.5906801	-3.3098593	-4.308407	-5.3920956	-1.7002687	-2.6568918	-3.9971747	-4.568741	-3.508017	-4.1451044	-3.422019	-5.029625	-4.4693127	-5.2360554	-3.482998	5.74588732767231	0.000431024385888796
CB_004894	-2.3093138	-3.3041368	-3.7261891	-4.257736	-2.0221996	-3.2653933	-3.1419792	-3.733324	-1.8290462	-2.7969818	-1.3372192	-2.2993736	-3.152749	-3.498929	-2.9271865	-3.654358	-3.343525	-3.6667857	-2.5614328	-3.3944626	-4.8111277	6.98915216213923	0.00011386548382905
CB_006136	0.041394234	0.34692478	0.64728737	0.9599161	0.6229172	1.0282354	-0.27980328	-0.010214806	0.14280033	0.28839397	0.66776085	0.85671806	-0.08357906	0.24721336	0.36198425	0.7293539	0.13355923	0.5485096	0.3327999	0.10801697	-0.71845245	-9.99064934473483	8.5476705404898e-06
CB_006508	-4.6340075	-3.4837742	-3.8853035	-2.3652382	-4.3893437	-4.142077	-6.4256725	-4.723016	-5.483841	-4.189887	-4.064545	-3.1854696	-6.280112	-4.5371723	-4.674121	-3.995263	-5.446581	-4.703524	-4.340532	-4.6944785	-3.5214052	-6.51998432867729	0.000184187986142699
CB_007266	-2.8772626	-2.0780163	-2.0096612	-1.0123634	-2.5249367	-2.0550122	-3.6217175	-2.9181395	-2.8087769	-2.4620752	-2.568449	-2.0686722	-2.8838344	-1.8437281	-2.280446	-1.8330188	-2.7056594	-2.598699	-2.1582017	-1.8054757	-4.325532	-5.85402984558651	0.000381033653601031
CB_008391	1.5343666	1.3050432	0.5384369	0.13401413	1.6496744	1.1781921	2.0198755	1.6734505	1.2948532	0.80458736	2.2290974	1.6748781	1.1129274	0.94474983	1.1025686	0.75139236	1.1297321	0.8727665	0.57240677	0.92943573	2.1064034	8.43705484683112	2.97182382676392e-05
CB_008663	0.88113403	1.5592537	2.1228695	2.59488	1.3655729	2.0176363	-0.06470585	0.6099539	1.5619001	1.8961048	2.1451035	2.3103771	1.0555143	1.9599094	1.3314371	2.0495577	1.5537376	2.3178864	2.2759132	2.3855934	-0.8184509	-7.76691395824712	5.39919136904504e-05
CB_008982	0.5714617	-0.001935005	0.7103596	0.37008858	0.23707199	-0.33059216	0.6982851	0.2991438	1.275217	0.8569622	0.9536953	0.41491508	1.0735064	0.6948986	0.82498074	0.3007946	0.81410027	0.63455963	0.95519066	0.8267536	0.59119606	10.0786965940793	8.00542800124766e-06
CB_009585	2.0926428	2.2581434	1.4130306	1.8007765	1.0967655	1.6720572	2.2686882	2.5712032	1.6829414	2.1965866	0.913538	1.3549452	1.8396482	2.1045036	1.937541	2.367465	2.6710472	2.7358036	1.8457489	2.3331232	2.7706623	-6.3430437431521	0.000222261483563885
CB_009676	3.5106525	3.2719812	2.3330536	1.1916561	3.1617975	2.5945597	3.3898087	2.862835	2.4803057	1.2570448	4.128269	3.3287096	2.8505926	2.4616623	2.3311605	1.4246368	3.0649853	2.5927238	1.4883595	1.761446	3.3526773	6.12452605194165	0.000281763093653957
CB_009774	-1.8671746	-1.321537	-1.9130859	-0.81916285	-1.8950081	-1.2504559	-2.3810182	-1.3637342	-1.6613197	-0.8293276	-2.3711395	-1.4133816	-0.9986162	-0.7410164	-1.2026081	-1.0424309	-0.97881603	-0.11569023	-1.5602736	-0.45561886	-1.058342	-6.40499670618994	0.000208022428903094
CB_009918	2.4652205	2.9156866	3.0197468	3.185112	3.0279112	3.3712912	2.533578	2.766202	3.023037	3.3812485	2.7029839	2.8008032	2.8714514	3.2834415	3.1463795	3.2765055	3.118456	3.2708435	2.8347034	2.5036888	2.505272	-5.89315466069801	0.000364548284789568
CB_010536	2.8965778	2.505742	2.4471073	1.7644691	2.609108	2.499322	2.7947865	2.4625025	3.2259598	2.9083433	2.8372593	2.6164036	3.0346594	2.7139158	2.8942213	2.663948	3.016489	2.7316513	2.7595835	2.3170242	2.3176527	6.09272887835155	0.000291800526839998
CB_010546	-0.2125454	0.6488352	0.16394997	0.8874512	-0.030587196	0.84420776	-0.18994427	0.3641615	0.5089197	1.1550541	-0.36820984	0.40411663	0.5496092	0.8574848	0.980464	1.0778885	-0.007871628	1.3011904	0.9343815	0.9025669	0.64395905	-5.87865266075388	0.00037056539416518
CB_011008	-1.2060394	-2.4438853	-2.4717717	-3.613914	-1.8537846	-2.5796933	-0.35719967	-1.5129595	-1.995781	-3.0236702	-0.19972134	-0.89421463	-2.4239788	-2.7987475	-2.9163642	-2.9781008	-3.189702	-3.7868013	-1.7076092	-2.746595	-2.1724715	5.87745505151707	0.000371067165063262
CB_014275	-3.8631568	-3.0021787	-2.702897	-2.453751	-3.554388	-3.2386246	-4.271766	-3.5967956	-3.6932034	-3.0043936	-3.7185864	-3.6081858	-4.2332935	-3.6686096	-3.2073717	-2.6030946	-3.59507	-3.3413563	-3.612144	-3.602088	-4.7951646	-5.66563396967763	0.000472782410940514
CB_016383	-1.1376572	-0.7380276	-0.32416534	0.18192863	-1.6045532	-1.1189384	-1.1074152	-0.52813816	-0.98509026	0.11856651	-1.6532793	-1.0341682	-1.2146215	-0.6149864	-0.6304245	-0.12032318	-0.46204185	-0.3842516	-0.3792076	-0.58727646	-0.5637369	-6.10934716444358	0.000286506336273766
CB_017309	-0.4179802	-0.12385082	-1.4862351	-0.66222954	-3.4426856	-1.361906	-1.8238287	0.12678242	-2.5031862	-1.1137152	-3.7989426	-2.5406275	-0.45593166	0.21855545	-1.7019196	-0.3494463	-0.7349987	-0.0493021	-1.6763496	-1.0654392	-1.5983748	-5.82368856950503	0.00039438297355732
CB_017311	-0.146595	0.25238705	-0.76323557	0.08491516	-1.1331406	-0.61581707	-0.93056965	0.42864513	-1.4482794	-0.90108204	-1.0815554	-0.52135086	-0.45938206	0.17996216	-1.0508661	-0.3738327	-0.118019104	0.34586906	-1.2013307	-1.3950157	-1.1436973	-6.90300247504863	0.000124151837178644
CB_018203	-0.22751045	0.08573151	-1.3688574	-0.09000397	-1.0964527	0.13038254	-1.6576891	0.0827322	-1.940989	-0.4957161	-2.4311419	-1.5753403	-0.14288235	0.18834019	-0.6651993	0.83631516	0.16806984	0.6529684	-1.727045	-0.26228142	0.33060646	-5.67042936522085	0.000470166105946947
CB_018592	-0.19565582	0.43636417	1.2273273	1.7859383	-0.07410145	1.1872349	0.010285378	0.41536808	0.8043871	1.5660973	0.23342228	0.3916235	0.5088644	1.2090149	0.75983334	1.3524761	0.86935616	1.2419949	0.5471287	0.75769234	-0.22762108	-5.88190810148777	0.000369205207990074
CB_019341	0.8556442	0.21204281	-0.24321651	-0.9414544	0.7106304	-0.34192944	1.4742708	0.49960423	0.6934395	-0.11667061	0.7191696	0.5335617	0.51902103	-0.37277222	0.44544315	-0.48066902	0.48701572	0.4862957	0.07942009	-0.15343094	1.4598761	5.67566887737122	0.000467325666931667
CB_021054	2.3537388	2.8027735	3.2202787	3.6390686	2.9822607	3.290616	2.4946375	2.6732206	2.7958126	3.3171844	2.8037395	2.9989996	2.653286	2.9411173	2.7559204	3.2258673	2.9245806	3.2259216	2.855219	3.1944036	2.1475306	-8.53625763254362	2.72942236101656e-05
CB_022549	-1.8326406	-1.3260164	-0.40220833	0.011640549	-1.4936419	-1.2125521	-2.505721	-1.7255607	-1.4193592	-1.0882006	-1.5725479	-1.2296371	-1.6835814	-1.1861315	-1.0091295	-0.5400429	-1.179184	-0.75629807	-1.3424239	-0.81395054	-1.6843271	-9.22317938137187	1.54718398890619e-05
CB_023206	-1.6383667	-1.1055918	-0.15106773	0.32711887	-1.1250648	-0.5797138	-2.4099135	-1.6933961	-1.4493136	-1.1424923	-1.1314735	-0.4744625	-1.8772688	-1.4231219	-0.9342327	0.16834164	-1.3214808	-1.1195707	-1.1418276	-0.82919407	-2.3903975	-6.41338653945355	0.000206172807399282
CB_023313	0.2384491	0.5507822	0.79680634	1.2719612	0.18419266	0.62283707	0.22515297	0.6318493	0.77206135	0.9893112	-0.010680199	0.2668743	0.70141983	0.83239555	0.6478014	0.750494	0.58062935	0.91913605	0.5077572	0.24704552	0.65459347	-6.85768114752306	0.000129973096327757
CB_023385	-0.12620163	0.18777752	0.75022125	0.8608303	0.87194824	1.0091076	-0.50509167	-0.083376884	-0.03869438	0.16836739	0.4970913	0.72247124	-0.2802601	-0.10832596	0.43710613	0.5983486	0.037830353	0.34446526	0.2065649	-0.13903236	-0.5713444	-6.80250060493996	0.000137472198990494
CB_023736	1.280611	1.708272	0.8891983	1.5260849	1.2594872	1.6893997	2.0393896	2.4580612	0.36910057	1.1615543	0.8631706	1.3019629	0.762125	0.86226654	0.57651424	1.2900782	0.8748646	1.2284164	0.5185261	0.56090546	2.1723099	-6.89314061333745	0.00012539353706806
CB_024203	-3.5690475	-3.0785475	-3.1030312	-2.6367807	-3.2265987	-3.0610037	-4.278171	-3.574133	-3.5878077	-2.8655834	-3.5565643	-3.0329018	-4.626651	-3.5406842	-3.9934268	-2.6012774	-3.4882736	-2.835032	-3.346074	-3.4429865	-5.188141	-5.72174221843161	0.000443144799617771
CB_024611	-3.6534748	-3.2528448	-3.4067268	-2.6457872	-3.862383	-3.1657333	-6.0173073	-4.2658854	-4.2527742	-3.17524	-3.9287257	-3.4146585	-4.110839	-3.1079855	-3.887476	-2.4930835	-4.794729	-2.8146029	-4.6570997	-0.97086525	-3.2703586	-5.83642305639721	0.000388718508474824
CB_024821	-5.1785088	-4.677168	-4.4485674	-2.6086674	-4.0808	-3.4120722	-5.500126	-4.9049172	-4.6081305	-2.8666878	-4.797516	-4.074739	-5.171851	-4.2166147	-5.147817	-3.6846795	-5.4317274	-3.921434	-4.0651007	-3.7807136	-4.9083996	-6.32578538752723	0.000226417288171775
CB_024912	-1.2562208	-0.5244398	0.18865395	0.6726208	-0.5815716	0.5984993	-1.6632185	-1.2537374	-1.4849715	-0.18082237	-0.8822937	-0.47982025	-0.67829037	-0.17128563	-0.6139765	0.17067909	-0.42800713	0.01997757	-0.78222656	-0.4621868	-0.63160896	-6.13252749835786	0.000279297614248814
CB_025582	-1.8564425	-2.5225534	-2.6721177	-3.491517	-2.1163015	-2.5039563	-1.0958014	-2.1065583	-3.1363926	-3.719719	-1.3415451	-1.6321201	-2.1394548	-3.2731133	-2.9034433	-3.5242796	-3.4678922	-3.7773986	-2.9269557	-2.1977139	-1.879365	6.50410358784693	0.000187292457487265
CB_025928	-1.1379547	-0.23069668	-0.7670679	0.11419201	-0.42459393	-0.124731064	-1.4444399	-1.2544413	-1.213954	-0.69755745	-0.61263657	-0.2834835	-0.9138737	-0.41397858	-0.7756796	-0.3715706	-1.1112576	-0.5035124	-0.5666027	-0.62746716	-1.4436083	-6.20834265246715	0.000257081640542176
CB_026436	-3.1072578	-3.8515682	-2.9226065	-3.6354876	-3.0785747	-3.3116212	-2.3840904	-3.7230735	-2.7106166	-3.7857542	-3.0286055	-3.368606	-1.7786055	-2.249847	-2.510192	-3.1874857	-2.7484841	-3.2418222	-1.5236888	-2.7991624	-2.8681374	5.76916122556116	0.000419685428364503
CB_026535	-3.0671182	-2.2286482	-2.2617779	-1.2440805	-2.3390846	-2.1897392	-2.9420595	-2.4874077	-2.8302631	-2.0345736	-2.8441162	-2.2565403	-3.3626685	-2.601313	-2.2206888	-1.7284937	-2.6448889	-1.1308742	-2.7974048	-1.7844663	-2.732298	-5.68005314054525	0.000464963359783465
CB_028082	0.95680237	-0.5618162	0.07478905	-0.8441062	0.9059105	-0.39788818	0.6874895	-1.0558004	2.1082888	-1.0567198	2.8491087	1.5257206	0.73555374	0.15475655	0.5630617	-0.6441612	-0.39987755	-1.2740965	0.6465311	-0.2606163	-0.051404953	5.62923575558084	0.000493170175147566
CB_028097	-0.20285797	0.5104637	0.7641916	1.1223755	-0.024673462	0.4537773	-0.74884224	0.078139305	-0.48496532	-0.17292118	0.39049244	0.4425993	-0.38349247	0.07405853	-0.10719395	0.3370819	-0.34081268	0.10326767	0.44926262	0.6103792	-1.3378067	-6.10769576807027	0.000287027665563619
CB_028412	2.2030945	2.1246748	1.8125639	1.3301592	3.3358746	2.8877468	2.4875708	1.8590221	2.103632	1.5083895	3.610425	3.0063934	2.3727741	1.5298777	1.9324236	1.4733353	1.9237032	1.5282669	1.782155	1.4853077	2.3094673	7.25490302018144	8.76353217410291e-05
CB_028866	0.10967159	0.3505335	1.2177687	1.5386391	0.5079365	1.0058298	-0.065032005	0.3714161	0.1476059	0.80059814	0.44935608	0.7236128	0.37810898	0.6116924	0.51962566	1.0236645	0.31605148	0.74913406	0.7829876	0.79385567	-0.5679102	-8.42073914504495	3.01394025872021e-05
CB_029215	1.8555002	1.5444984	1.0639763	0.42677784	0.75525475	0.40400314	1.9647541	1.7333832	1.1348143	0.53147125	1.93606	1.0398407	1.2876081	1.1467648	1.6893911	1.2827568	1.865797	1.3950434	1.0232649	0.6315918	1.2348557	5.80461284953465	0.000403038701012318
CB_029812	0.70064545	0.41854382	0.8428421	0.19928265	1.4926252	0.8665581	1.2007589	0.9972162	1.1600313	0.7081051	0.8992224	0.7970047	0.9747963	0.4199524	0.98735523	0.52552986	0.7924042	0.596365	0.7703924	0.32115746	0.9050808	5.84271062304133	0.000385954767855338
CB_030779	-0.53375816	-0.28968906	-0.74126625	-0.17594242	-1.026556	-0.66436577	-1.3180227	-0.51284313	-1.6378236	-1.015821	-1.3004036	-0.37834263	-1.2590342	-0.6067238	-1.1802149	-0.77757263	-1.1960154	-0.867157	-1.4344835	-0.8977051	-1.4793367	-7.14636743313378	9.7439082648528e-05
CB_030797	2.2979736	2.0328665	1.2897797	0.37877464	1.7472515	1.597065	2.6275692	2.2881365	2.1463423	1.4120426	2.467496	2.0213366	1.8381681	1.3676586	1.8083982	1.107686	2.0758533	1.791111	1.5381031	1.0120716	1.9995117	5.66202073881727	0.000474764308026147
CB_031104	-3.4155455	-2.907514	-4.2232404	-3.5099745	-3.284595	-2.8889732	-4.8023396	-4.129419	-4.036664	-3.769956	-3.220005	-2.6138926	-3.496375	-3.536571	-3.5744457	-3.0690312	-4.610322	-3.997799	-4.6077538	-4.289745	-4.687563	-5.96605019950289	0.00033588712614465
CB_031672	1.6264687	1.4118443	1.6255207	1.2708092	3.4213476	3.2069187	1.9734097	1.3907824	1.2769451	1.1014938	3.5054646	3.0396357	2.216051	1.5162563	1.5056581	1.0592251	1.7857513	1.2991505	1.0855398	1.3051186	1.2999706	6.75326685365665	0.000144568687903393
RNA158891|XLOC_008676	-5.220443	-4.4643164	-3.7759466	-3.1756926	-4.2382636	-3.4950824	-5.6853843	-4.9118547	-4.6667666	-4.2814627	-4.524995	-3.9023194	-4.1086054	-3.2297773	-4.52631	-4.094489	-3.8930383	-3.019423	-3.8975978	-3.8276901	-4.513599	-11.3620157156489	3.24731112520204e-06
RNA159188|XLOC_009588	-3.567193	-2.7722564	-2.4798942	-1.7437873	-3.0406022	-2.9285164	-4.004215	-3.345591	-2.9998379	-2.8045092	-3.1178036	-2.7166438	-4.158477	-3.4566765	-2.8068843	-2.3090372	-3.1502995	-2.4062662	-3.1659632	-2.3566155	-4.4204407	-6.40324025663535	0.000208411970297646
RNA160142|XLOC_011152	-5.342223	-4.541669	-3.8973165	-2.7751808	-4.660924	-3.678063	-5.619528	-5.0979686	-4.5979705	-3.8349028	-4.5419483	-3.7990546	-5.178657	-4.3910694	-3.6427116	-3.237234	-4.5306296	-4.231622	-4.2184877	-5.1611433	-5.4173975	-8.09891158039	3.99672145236128e-05
RNA161060|XLOC_012725	-2.8144174	-2.1528597	-1.7608905	-0.94619894	-1.7003393	-1.2175713	-2.7160048	-2.12647	-2.7773576	-1.8217444	-1.8043156	-1.673914	-2.2478514	-1.7456408	-1.4619236	-1.2680297	-1.9043398	-0.96079826	-2.029747	-1.6486382	2.00253	-5.93715184848774	0.000346941442324995
RNA162391|XLOC_014072	-4.1407356	-3.01588	-2.9423628	-2.3065882	-4.3629303	-3.7400317	-5.607576	-4.3113422	-4.3101482	-3.5806217	-4.006543	-3.686657	-4.697356	-4.119893	-3.6325188	-2.71109	-4.2864804	-4.1771193	-3.7375717	-3.3532324	-5.0069523	-5.68615720626702	0.000461696218041817
RNA163096|XLOC_003871	-2.4851255	-1.6289067	-1.668499	-0.8506794	-2.1340904	-1.7572479	-2.9577618	-2.5315514	-2.0353112	-1.5991483	-1.9679718	-1.8161926	-2.7060318	-2.1408753	-1.9393754	-1.3332486	-1.8167915	-1.5929227	-2.07521	-1.8583117	-2.7394662	-6.16383127539892	0.000269877990281015
RNA164568|XLOC_005917	-0.48336124	0.14275646	0.57310486	1.2701759	0.6590538	1.0650263	-0.65783787	-0.3739462	-0.29374504	-0.16321373	1.0102253	1.2289362	-0.5413456	-0.04473114	0.07018757	0.53943443	-0.09511185	0.1930275	-0.1591425	0.29930687	-1.0335283	-6.38665622904604	0.000212129898476118
RNA164945|XLOC_006620	-1.9331961	-1.5152221	-1.4123831	-0.8475714	-1.8722305	-1.5181599	-2.6665359	-2.031611	-1.6533713	-1.2835803	-1.509779	-1.5414143	-2.503604	-1.836731	-1.7362881	-1.2714157	-1.7024169	-1.4280295	-1.6373205	-1.6946883	-2.8833785	-5.82535647039098	0.000393635928844735
RNA165247|XLOC_006879	0.07009506	0.48745632	1.1329784	2.237791	0.64565754	1.7679825	-0.59609413	-0.2476492	-0.3148079	0.74601364	0.53466225	1.036478	0.5353775	0.89261436	0.361516	1.3579178	0.47722816	0.79138565	0.4875946	0.81250477	-0.6694255	-5.67562913674951	0.000467347139991788
RNA165892|XLOC_008081	-6.407491	-5.3301797	-5.749323	-4.7407317	-5.099348	-4.808878	-6.3845305	-5.0539947	-6.025286	-5.7426815	-5.6099796	-4.6794972	-6.6829815	-5.725404	-4.8367214	-4.504314	-5.630904	-4.989697	-6.0221715	-5.58461	-4.7750998	-5.89313993265108	0.000364554340881014
RNA165950|XLOC_008300	-4.757653	-3.8564177	-3.2463026	-2.0497952	-5.0324125	-3.9554482	-5.82054	-4.5909095	-5.0306644	-4.673633	-4.544124	-3.747775	-5.74481	-4.1457343	-4.4396057	-4.087366	-4.4782434	-4.1619406	-4.6078544	-4.61506	-5.4160147	-5.73576099067305	0.000436062685687793
RNA172456|ENST00000516267	-4.1792755	-3.412621	-4.353965	-3.2040606	-4.548209	-4.067958	-4.952587	-3.9302287	-3.8615026	-3.5688524	-4.2789626	-3.9860578	-6.44749	-5.2743025	-3.6201315	-3.0747833	-4.187951	-3.411212	-4.735718	-5.372804	-5.3229494	-6.32084867821805	0.000227621764985059
RNA176523|ENST00000511515	-3.786852	-2.9781556	-2.9564352	-1.7374506	-3.0750952	-2.869564	-3.9603744	-2.9983783	-3.2829056	-2.5739403	-3.0264354	-2.517271	-4.0927486	-3.3055086	-2.6658692	-2.2664595	-2.9513693	-2.6969619	-2.991753	-3.0900626	-5.2113886	-5.80123177649862	0.00040459457319072
RNA34108|NRED_239_2882	-2.3953123	-2.7231684	-4.3480253	-5.479497	-2.5220318	-3.5189133	-2.1733594	-2.1898031	-3.2444596	-4.1698265	-1.8051987	-3.3519883	-2.925294	-4.4107575	-4.1987047	-5.4386353	-3.5023475	-5.0000887	-4.6224127	-4.417346	-4.03864	5.72581243175156	0.000441075640406003
RNA34737|NRED_869_1543	-1.865695	-2.4110608	-3.0061584	-3.1291294	-1.9801254	-3.4341083	-1.6082602	-2.7647839	-1.8693676	-2.825356	-1.1457396	-2.5167227	-2.033163	-3.7090502	-1.8584204	-3.353457	-1.1237307	-1.9957271	-4.0876603	-4.4687843	-2.0137014	6.40445905720053	0.000208141582037718
RNA35603|ENCODE_471_1220	-3.8748178	-3.2320127	-3.1652465	-2.599121	-3.0571327	-2.6593642	-4.7040024	-4.3067513	-3.3385963	-2.7100735	-3.6774502	-3.102243	-4.3175163	-3.7492495	-3.220302	-2.704671	-3.444521	-3.5143404	-3.7351322	-3.3695374	-5.3081465	-6.38223429747052	0.000213133562096334
RNA35782|ENCODE_651_892	-4.0729017	-3.3065429	-2.935524	-2.4721737	-3.9364738	-3.3772206	-4.1996145	-3.8806534	-3.7964373	-3.3394861	-4.2259426	-3.7080936	-4.6194096	-3.6651182	-2.9326181	-2.5511785	-3.4253035	-3.157733	-3.6885538	-3.5689368	-4.868148	-7.15416038750333	9.66960647683846e-05
RNA36260|ENCODE_1130_672	-1.3536568	-2.0868816	-2.3167553	-3.0090084	-1.622179	-2.0372849	-0.88517094	-1.7279506	-1.6384563	-3.140545	0.40210915	-1.067831	-1.9923162	-3.352046	-3.6559982	-3.9337082	-1.8468151	-2.5752554	-2.3328614	-2.1750774	-1.1188488	5.9342660986011	0.000348067119853153
RNA36499|ENCODE_1369_589	-0.14979076	-2.7025437	-3.5252666	-4.8828654	1.6741552	-2.5819988	-0.5515518	-2.7987719	-0.0729208	-3.1974053	1.2525597	-0.11071968	-0.8717556	-4.0755224	-2.0772662	-4.231682	-0.6628294	-1.7719264	-3.1608238	-3.2107172	-0.37909698	6.89199343673354	0.000125538867483979
RNA36538|ENCODE_1408_579	-1.0582037	-1.2329054	-1.071868	-1.6288118	-1.4100361	-1.8385677	-0.5779104	-1.410636	-0.6759968	-1.5353403	-0.40618706	-0.9508438	-0.5369406	-1.0112743	-0.6532421	-1.4257832	-0.2104168	-0.67287254	-1.0328817	-0.66205597	-0.1510477	7.69402248852869	5.77564503897575e-05
RNA36619|ENCODE_1489_566	-2.455369	-1.7458725	-0.9758005	-0.51141405	-2.1656837	-1.3841114	-2.6043773	-2.5638704	-2.5717711	-1.7454495	-1.7246399	-1.4385986	-2.4851432	-1.7492719	-2.3076344	-1.1266909	-2.5539513	-1.6742344	-1.8532844	0.80488396	-0.94903374	-5.76651304886949	0.000420958923765494
RNA37007|ENCODE_1877_487	-2.6825557	-1.8209877	-1.6393995	-0.6985941	-1.5634327	-1.294816	-2.821764	-2.299663	-2.299549	-1.8863487	-1.2475481	-1.0410538	-2.7845488	-2.1402125	-1.5516214	-1.0504446	-2.1492147	-1.7907238	-2.102923	-2.00065	-2.916235	-6.23697646555684	0.000249204198278524
RNA37259|ENCODE_2130_444	-6.9625425	-6.455326	-5.968609	-5.36087	-6.70846	-6.3818917	-6.4477615	-5.487271	-6.428377	-5.68635	-7.2061167	-6.9941483	-6.4133873	-5.9593515	-6.5945015	-6.2044106	-5.5512476	-4.849748	-6.6562066	-5.7960234	-5.3003936	-7.02946399173179	0.000109379300407435
RNA37875|ENCODE_2747_315	1.225482	1.3220968	1.7155972	2.0793877	1.6447077	1.757226	0.9160929	1.1343145	0.70080376	1.0727167	1.6879025	1.9022427	1.0076962	1.3625565	1.5593843	1.747097	1.018137	1.4574547	1.3052311	1.1621342	1.5602188	-6.37066570342175	0.000215784217980475
RNA37878|ENCODE_2750_312	-5.1226883	-4.1726217	-4.3236494	-3.2858605	-4.2640166	-3.9543796	-6.4303217	-4.594314	-6.093832	-4.648142	-4.481644	-3.6067095	-4.5063205	-3.6643772	-4.062942	-3.586608	-4.6961308	-3.6174393	-4.658252	-3.7310095	-5.422347	-6.40655671665187	0.000207677127279794
RNA39107|RefSeq_1068_2678	-5.109723	-4.0815988	-3.9082165	-2.909627	-4.4152117	-3.825934	-5.587248	-4.638454	-4.272519	-3.5785737	-4.294357	-3.8314047	-4.8677926	-3.725102	-3.5428672	-3.5389886	-3.8235526	-3.4203458	-4.0015764	-2.9713616	-3.942154	-5.64851141316399	0.000482255578549152
RNA39296|RefSeq_1264_2434	-5.4193964	-4.8960276	-4.2505198	-3.2421336	-4.8187866	-4.809349	-5.5157013	-4.8689113	-5.05264	-4.1391835	-5.193474	-4.297678	-6.5715647	-5.7855816	-4.649578	-4.0562553	-5.1104813	-4.3784127	-5.182552	-4.28195	-5.424342	-6.85606025725624	0.000130186812374021
RNA39944|RefSeq_1966_1767	-0.18158722	0.18069744	0.49795341	0.41832447	-0.29877663	0.11472607	-0.38412285	-0.041823387	0.22337723	0.6070576	-0.6637325	-0.31213188	0.09053707	0.35291767	0.14265537	0.39418602	0.10050392	0.48416615	0.41150093	0.091376305	-0.033061028	-5.88727709299906	0.000366973925390644
RNA40484|RefSeq_2542_1239	-0.75177383	-0.40651035	-0.64263153	-0.31854248	-0.8067093	-0.5103121	-0.6741724	-0.42238903	-0.09991741	0.43818855	-1.1138172	-0.84128284	-0.27660465	0.06754875	-0.29335308	-0.15685081	-0.21184921	0.5503845	0.27001	0.5398674	-0.9123025	-5.95144873343435	0.000341423283314978
RNA40577|RefSeq_2642_1137	-0.75903225	-1.1696205	-0.093523026	-1.2625899	-0.8832569	-2.4519749	-0.25521564	-1.4867725	0.43575478	-1.2507601	0.14926147	-0.97021484	-0.9007044	-1.7060547	-0.5217829	-1.1301165	-0.33516407	-0.7968111	-1.2219591	-2.0865092	-0.32367325	6.51528015612724	0.000185101621669252
RNA41220|RefSeq_3349_435	-4.012185	-3.3728628	-3.3760424	-3.3875847	-3.651164	-3.2533622	-4.9410863	-4.237776	-4.9237227	-4.2470703	-3.7269363	-2.8724818	-5.708368	-4.640813	-3.8160334	-2.478066	-4.265251	-3.426569	-4.8678203	-4.4470043	-5.3387957	-5.63941451158865	0.000487373161920173
RNA42907|UCSC_546_5011	1.0261116	1.4923983	1.6364775	2.5404205	0.07466698	1.4046593	1.3180056	1.9074659	1.3259096	2.4105988	-0.43758392	0.30079937	1.2907133	2.0645008	1.9622488	2.0835905	2.1073456	2.6837864	1.6335821	2.0484037	1.7878284	-6.2035512026438	0.000258426442602604
RNA43115|UCSC_796_4439	-4.076889	-3.022262	-1.8549433	-1.6372852	-3.4531755	-2.9984298	-4.248637	-3.8504124	-3.9675193	-2.9064054	-3.476163	-2.9896364	-4.317578	-2.8618069	-2.8293986	-2.0479565	-3.3643541	-2.236117	-3.5046268	-3.4381542	-5.3672676	-5.63604752534688	0.000489282404725439
RNA43191|UCSC_883_4271	-2.0363808	-1.4363675	-1.159359	-0.7116842	-2.83075	-1.8520927	-2.2149963	-1.1181669	-2.3181915	-1.530549	-3.4737258	-2.264347	-2.3624153	-1.3122587	-1.8291135	-1.0573564	-1.5853548	-1.1330729	-1.6999421	-1.4135017	-0.8225446	-8.76947475192641	2.24168474071233e-05
RNA43790|UCSC_1597_3479	0.7703819	0.034279823	-0.7503114	-1.1632104	0.09074974	-0.44321632	1.0457468	0.56878567	-1.9212008	-2.1698785	1.2719145	0.28134155	-1.0810633	-1.5843096	-1.2534494	-1.7212005	-1.404872	-1.9067402	-2.4749136	-1.5147581	0.22584534	7.71468322874933	5.66606309244709e-05
RNA44621|UCSC_2616_2797	2.8379421	3.5259295	3.2995558	3.8087797	3.442912	3.7578382	2.3455667	2.8215666	2.8779507	3.268938	3.504589	3.4894848	2.723692	3.2854128	2.957427	3.2270336	2.866475	3.5701752	3.1312284	3.1235065	1.7503777	-5.77119651840165	0.000418709544539698
RNA44764|UCSC_2799_2710	-0.6845722	-0.8657217	0.042300224	-0.28442574	-0.2678089	-0.69156075	-0.5694437	-0.63856506	0.002411842	-0.29568577	-0.50629807	-0.8047552	-0.021144867	-0.30091667	0.047650337	-0.042717934	-0.14707184	-0.46520996	-0.065888405	0.12193775	-0.4454193	6.52491965676869	0.000183234807971173
RNA45108|UCSC_3218_2516	0.80182457	0.07133007	0.2301979	-0.7359133	0.6463728	0.042243958	1.1964273	0.1485796	1.3923244	0.6921234	1.590908	0.6995487	1.1152506	0.18545723	0.24591637	-0.27188206	0.4284048	0.51920223	0.74297905	0.5667372	0.6439533	6.09131089557148	0.000292257230045505
RNA46034|UCSC_4394_2136	-3.3295403	-2.1980553	-3.6768703	-3.1934004	-3.538406	-3.06139	-4.852757	-3.376853	-4.30591	-3.6136456	-3.3494806	-2.7144232	-4.0904856	-3.4954681	-4.670745	-3.161189	-3.601118	-2.826332	-4.391842	-3.8694978	-5.245142	-6.38109793327694	0.000213392333154799
RNA46328|UCSC_4758_2046	1.0966167	1.154212	1.6937695	1.8813496	0.7485485	1.0613308	1.0835638	1.727376	1.7118845	2.1033268	0.40613556	0.7186146	0.9356203	1.3084326	1.0777645	1.5819206	1.04739	1.3810616	1.8041496	1.0915833	1.3249235	-6.16479550680098	0.000269593457856232
RNA46751|UCSC_5278_1929	-3.8866034	-2.8319168	-2.9404688	-1.873621	-3.6313462	-3.3104105	-4.5302105	-3.6641054	-3.3978386	-3.0055141	-3.65099	-3.4929	-4.067281	-3.58078	-3.2596169	-2.6519542	-3.7324667	-3.011345	-3.394884	-3.4243336	-5.3714437	-5.8684402745761	0.000374868232089731
RNA47384|UCSC_6028_1755	-6.3153477	-5.708956	-5.8087	-4.2505255	-5.665254	-4.861552	-6.4967737	-6.055805	-6.3390474	-4.764362	-6.17748	-5.380809	-6.0636015	-5.8393135	-6.3850417	-5.141606	-5.590088	-4.0065594	-5.2435145	-5.4931197	-5.4313254	-5.62991277046034	0.000492782259250202
RNA47560|UCSC_6268_1701	-3.984671	-3.289857	-2.5312934	-2.176396	-3.2011342	-2.6950064	-4.4876986	-4.2701683	-3.7818613	-3.6124802	-2.9850917	-2.781147	-3.8213744	-3.2756138	-3.117021	-2.5161915	-4.371933	-3.791852	-3.3185468	-2.9404354	-5.0733147	-6.55008972618739	0.00017845762458582
RNA48796|UCSC_7770_1336	-1.0546722	-0.585639	-0.19352722	0.6171913	-0.42176342	-0.27308083	-1.1447992	-0.95242786	-0.8318672	-0.3915329	-0.6484804	-0.26029015	-1.0864849	-0.6777754	-0.52860546	-0.02287674	-0.7460432	-0.31813812	-0.6307621	0.22784996	-1.428299	-6.64466882039843	0.000161698901676314
RNA48853|UCSC_7833_1320	-0.023517609	-1.7156882	-1.1266813	-3.215272	-1.0235777	-2.4420257	-0.5002699	-2.0754094	-1.6786556	-2.3710418	0.56206703	-1.0315275	-2.1318436	-2.828896	-2.8196049	-3.168562	-2.00556	-3.5113597	-0.70129585	-2.5508451	-1.2931881	6.75043191176679	0.000144989480152508
RNA48949|UCSC_7944_1292	-3.4849281	-3.1674	-3.0473042	-2.881947	-3.8277326	-3.079092	-3.7442293	-3.308272	-3.5202765	-2.9474926	-3.4007068	-3.0160418	-4.402298	-3.8387785	-3.1135368	-2.5889788	-3.1173363	-2.9033036	-3.4843245	-3.9301043	-5.0326524	-7.00016827977939	0.000112619631672023
RNA49218|UCSC_8252_1217	2.5805054	2.1896257	3.4129963	2.650241	3.2808142	2.2969637	3.406064	2.8030224	3.6787663	2.9815388	3.0339832	2.4258652	3.2298517	3.237234	3.6481533	2.9713879	3.443574	2.8904638	3.7651587	3.136343	3.2022743	6.40088792188018	0.000208934927856102
RNA50132|UCSC_9348_974	-0.60558224	-0.35627174	0.11056137	0.4855919	-0.49705696	-0.14394474	-0.70641613	-0.5642824	-0.34894753	0.04216194	-0.35023212	-0.27565002	-0.5909672	-0.05514145	-0.2505865	0.06382942	-0.42489815	-0.1348362	0.09095001	0.2604637	-0.9343562	-6.61505374095996	0.000166751542149283
RNA50315|UCSC_9581_921	-2.9566154	-2.2518125	-2.377428	-1.3693938	-3.0055647	-2.5087204	-3.8382735	-2.8089614	-2.9397006	-1.668755	-3.0277905	-2.8158898	-3.8187413	-2.6158242	-2.9494376	-1.9476705	-2.9215283	-2.7111888	-2.8277063	-2.6066456	-4.947169	-5.86817907938057	0.000374979001404012
RNA50663|UCSC_10005_806	1.6784544	1.2868204	1.9256687	1.3499708	1.0580368	0.77698135	2.2347126	1.7569895	2.9140625	2.0922995	1.8413601	0.8625498	2.0346994	1.3561964	2.2780914	1.2220602	2.547226	2.3172846	1.6078472	0.9728527	2.0277786	6.17239074386934	0.000267363728074731
RNA51447|UCSC_10988_522	0.79926777	-2.8536263	0.11121559	-4.987542	-1.9031038	-5.5670166	0.28646183	-6.6998496	-0.6879711	-5.1398826	1.2833481	1.1018734	-0.5898237	-2.014812	-0.36803055	-4.3124304	-0.70569897	-4.5677414	0.72691536	-2.2990632	-1.8907433	5.63618247858087	0.000489205721931747
RNA51837|UCSC_11435_360	0.9508362	-2.3523483	1.410183	-2.5432644	-1.8145332	-4.588874	0.38043404	-4.744889	-0.43999767	-4.154517	1.3376284	1.2384014	-0.38586712	-1.2456169	-0.37098217	-3.4984336	-0.43628216	-3.744824	1.7675076	-1.2108154	-1.4413109	5.66239876772446	0.000474556528112756
RNA52060|UCSC_11683_252	0.87877846	-2.4145036	1.2046843	-2.9984636	-1.8778524	-4.931075	0.3620224	-5.1479273	-0.35468006	-4.4951057	1.3992205	1.031002	-0.44419575	-1.4418316	-0.36009693	-3.7982726	-0.52726936	-3.993001	1.6465044	-1.5092134	-1.3364186	5.96605574681247	0.000335885041751322
RNA53459|H-InvDB_728_532	-3.1735935	-2.304102	-2.0790892	-1.3387218	-1.8324671	-1.5697832	-3.4324808	-2.5112457	-2.8413024	-2.1941514	-2.0932617	-1.7748394	-2.9355874	-2.6187043	-2.1762714	-1.3930855	-2.6471672	-2.2816682	-2.7145014	-2.887107	-2.5936785	-6.60576808234249	0.000168371519014543
RNA58325|CombinedLit_278_639	-0.7874088	-0.20679379	0.5794964	0.64255714	-0.13863182	0.36916542	-0.9710531	-0.5633459	-0.5930147	-0.06867695	0.23426247	0.3596115	-0.48932934	0.079782486	-0.23891068	0.2814808	-0.6903553	-0.09153557	0.35727882	0.27451324	-1.5259662	-6.47983235244914	0.000192149434485584
RNA59274|asoverlaps_1013_230	-3.5851269	-3.0815978	-2.384694	-1.8795986	-2.9940395	-2.6451845	-4.1986427	-3.6075864	-3.2426486	-2.8186655	-2.8229675	-2.9152212	-3.0072765	-2.530779	-2.8465343	-2.3163333	-3.422308	-2.9405499	-2.9332972	-2.014758	-4.521349	-6.18440088325508	0.000263879298001636
RNA59899|RNAz_611_340	-3.6139102	-2.8680153	-2.6178703	-1.3487005	-3.8323698	-2.660923	-4.9060564	-4.0548735	-4.533603	-3.2365894	-3.5800767	-3.188819	-3.6274605	-3.1031046	-2.9361897	-2.5363226	-3.9977617	-2.1369252	-2.979972	-2.9786572	-3.7681704	-5.74892965246872	0.000429523221543929
RNA60041|RNAz_753_320	-1.7888083	-1.0356894	-0.86782646	-0.19386005	-1.3809357	-1.0618382	-2.0990043	-1.713098	-1.8396473	-1.7138014	-0.95788765	-0.6366997	-1.7498598	-1.0762782	-1.4991279	-0.9073243	-1.6995788	-1.200882	-0.99815273	-0.566412	-2.3869615	-6.94265329303549	0.000119295009494139
RNA60547|RNAz_1259_291	-3.1130047	-2.5646963	-2.3910995	-1.9613295	-2.8825097	-2.5897055	-3.89466	-3.5172472	-3.1088657	-2.7567549	-2.726779	-2.4921198	-3.3705978	-2.909854	-2.5679817	-2.5133705	-2.9101439	-2.590384	-2.9116783	-2.9324813	-4.033246	-7.17518452776002	9.472264880312e-05
RNA61662|RNAz_2376_258	-7.0518103	-6.4718165	-6.1854115	-5.2435145	-7.4416704	-7.3079314	-6.33107	-5.7194023	-6.4859653	-5.799651	-7.2388973	-7.189658	-5.822423	-5.222131	-6.8240495	-6.1933565	-5.657407	-4.8298974	-6.707427	-5.791874	-5.3371077	-5.76317436451106	0.000422570539386451
RNA61697|RNAz_2411_256	0.14761162	0.6297655	1.0987091	1.5956383	0.8917942	1.091321	-0.5155306	-0.16521358	0.2028122	0.31462097	1.0608711	1.3532124	0.20726681	0.8525238	0.3616686	0.8969822	0.08193874	0.31947708	1.0444336	0.6446018	-0.58449364	-6.30115101316979	0.000232498556219013
RNA61793|RNAz_2507_251	-2.1307745	-1.3150144	-0.81799936	-0.11764526	-1.5319166	-0.99738026	-2.5256267	-1.9475107	-1.7358732	-1.3211517	-1.6123505	-1.3047886	-2.0984926	-1.1758785	-1.3060226	-0.7292919	-1.6834788	-1.3532009	-1.0203762	-1.0252075	-2.5730095	-8.21790720403814	3.59691981822002e-05
RNA61890|RNAz_2605_246	-2.5454779	-2.0232706	-1.8910818	-1.3285899	-1.7706356	-1.5684414	-3.349094	-2.753312	-3.48166	-2.7934275	-2.0018406	-1.6105776	-3.1238256	-2.6687155	-2.360332	-1.4476914	-3.0678525	-2.4785032	-2.699736	-2.5259748	-3.0314827	-8.32655311548742	3.27043581473231e-05
RNA62771|RNAz_3489_236	-5.652774	-4.602605	-3.1569524	-2.9596186	-4.310938	-3.4001346	-6.5052757	-5.2628517	-5.33788	-4.7743645	-4.4600844	-3.8707104	-5.4510636	-5.155481	-4.2383194	-3.8128166	-4.7494373	-3.9400616	-4.521145	-5.2997046	-4.891241	-5.76355498222207	0.000422386469363974
RNA63458|RNAz_4177_226	0.66186714	0.94895935	1.4662743	1.9026423	1.2193317	1.4636364	0.3259611	0.4792261	0.60449886	1.0654659	1.045929	1.5439014	0.60085297	0.77669144	0.9405861	1.3322697	0.63765717	0.815464	0.7771168	1.0579805	0.016112328	-6.98303731408027	0.000114563615222346
RNA63823|RNAz_4543_218	1.5009031	2.2489386	2.0568542	2.5809307	1.9070673	2.1941042	1.1878366	1.4904413	0.9039135	1.4664965	1.2999744	1.6643734	1.3821106	1.9524031	1.3449736	2.1127243	1.4918709	1.8021221	1.8807316	2.0576515	1.8447285	-7.89269579274194	4.81199127241822e-05
RNA64419|RNAz_5140_200	-5.398037	-4.9431677	-5.1520896	-4.70581	-5.640552	-5.4974337	-6.3937564	-6.103796	-6.185448	-5.8355846	-5.97847	-5.3136334	-6.6467977	-6.3182907	-5.5123725	-5.020037	-5.643688	-5.483465	-5.9415493	-5.097224	-5.3628545	-6.70985735759803	0.000151162821413345
