	wgEncodeBroadHistoneGm12878H3k27acStdSig.bigWig.tab	wgEncodeBroadHistoneGm12878H3k4me1StdSig.bigWig.tab	wgEncodeBroadHistoneGm12878H3k4me3StdSig.bigWig.tab	wgEncodeBroadHistoneH1hescH3k27acStdSig.bigWig.tab	wgEncodeBroadHistoneH1hescH3k4me1StdSig.bigWig.tab	wgEncodeBroadHistoneH1hescH3k4me3StdSig.bigWig.tab	wgEncodeBroadHistoneHsmmH3k27acStdSig.bigWig.tab	wgEncodeBroadHistoneHsmmH3k4me1StdSig.bigWig.tab	wgEncodeBroadHistoneHsmmH3k4me3StdSig.bigWig.tab	wgEncodeBroadHistoneHuvecH3k27acStdSig.bigWig.tab	wgEncodeBroadHistoneHuvecH3k4me1StdSig.bigWig.tab	wgEncodeBroadHistoneHuvecH3k4me3StdSig.bigWig.tab	wgEncodeBroadHistoneK562H3k27acStdSig.bigWig.tab	wgEncodeBroadHistoneK562H3k4me1StdSig.bigWig.tab	wgEncodeBroadHistoneK562H3k4me3StdSig.bigWig.tab	wgEncodeBroadHistoneNhekH3k27acStdSig.bigWig.tab	wgEncodeBroadHistoneNhekH3k4me1StdSig.bigWig.tab	wgEncodeBroadHistoneNhekH3k4me3StdSig.bigWig.tab	wgEncodeBroadHistoneNhlfH3k27acStdSig.bigWig.tab	wgEncodeBroadHistoneNhlfH3k4me1StdSig.bigWig.tab	wgEncodeBroadHistoneNhlfH3k4me3StdSig.bigWig.tab
chr10:115802404-115802550	3.329	4.582	19.499	0.000	2.863	2.521	1.776	2.562	1.028	3.486	4.785	5.428	1.030	1.870	0.942	1.272	10.330	9.393	0.840	0.960	0.850
chr10:115802640-115803175	4.444	5.908	45.931	4.070	11.778	22.490	0.976	4.600	23.839	4.813	14.353	21.418	2.072	2.428	2.114	2.332	13.984	49.317	1.612	2.332	3.929
chr10:115803345-115804815	2.294	7.342	10.790	3.367	9.777	5.295	1.696	3.618	13.805	3.311	8.881	13.860	1.904	0.925	1.430	1.194	2.592	8.503	1.905	2.615	2.994
chr10:115804880-115805555	2.134	5.776	10.023	1.816	8.964	6.346	2.222	3.378	14.659	6.628	10.498	20.674	0.960	0.987	0.000	1.024	3.707	7.090	0.582	1.598	4.458
chr10:115805645-115805890	2.757	4.306	6.077	0.861	7.264	1.869	0.906	3.778	2.852	0.962	10.220	19.945	0.850	1.622	0.000	0.925	5.653	8.696	0.975	1.781	2.155
chr10:135337100-135337575	0.000	0.938	1.609	1.107	0.872	2.312	1.267	1.032	1.973	2.462	1.800	1.689	0.945	1.943	2.436	5.469	2.152	3.573	1.143	1.475	1.766
chr10:135338045-135338059	0.000	0.000	3.111	0.589	0.000	1.000	0.000	0.000	1.000	1.829	0.000	1.000	0.871	0.000	0.560	0.877	0.000	1.000	0.000	1.000	1.769
chr10:135341200-135341555	0.840	0.000	1.927	0.880	1.897	2.000	1.210	0.949	2.608	0.000	3.087	1.394	1.063	0.860	1.682	0.993	1.746	6.213	0.000	0.000	1.168
chr10:135341645-135341873	0.838	1.137	0.925	0.000	0.433	1.811	0.967	0.932	4.230	1.967	0.487	3.235	0.867	0.000	0.800	0.000	2.698	8.296	0.000	0.000	2.211
chr10:135342471-135342866	1.157	2.769	2.775	0.000	0.898	1.965	0.974	2.093	4.344	0.899	1.911	2.027	2.202	5.810	11.617	0.905	4.158	12.520	0.875	0.933	2.233
chr10:45865754-45865917	5.091	7.151	5.693	3.000	0.000	0.933	1.650	0.904	0.400	0.000	0.869	1.912	2.000	3.637	0.652	0.000	0.890	0.923	0.000	1.986	0.429
chr10:45867080-45867368	7.074	7.098	9.126	1.560	1.272	2.153	1.839	0.000	0.000	0.964	1.504	1.478	1.105	1.775	3.080	0.856	0.868	1.358	2.190	0.000	1.247
chr10:45868585-45870015	30.810	4.203	30.016	2.235	5.704	20.684	0.000	2.875	5.966	2.126	8.387	7.473	4.835	10.814	28.559	0.888	7.630	5.643	0.870	3.098	3.584
chr10:45870065-45870415	25.602	7.493	42.731	2.414	11.192	6.698	2.200	3.177	1.782	2.162	13.562	3.703	2.974	17.864	11.424	0.925	10.550	9.735	1.215	4.029	3.343
chr10:45870440-45870635	24.568	9.886	36.171	3.576	12.150	2.524	2.239	1.451	0.809	1.267	5.802	1.528	2.600	15.584	7.846	1.200	8.647	1.811	0.000	2.227	0.713
chr10:45871125-45871613	18.365	12.039	35.438	1.619	7.546	1.055	1.601	0.889	1.448	1.333	0.821	1.260	5.702	40.470	13.205	1.163	0.951	2.887	1.269	1.439	1.151
chr10:96696561-96696750	0.949	0.893	2.772	2.860	1.460	1.603	0.719	0.000	0.920	0.000	0.910	0.910	0.160	0.000	0.000	0.000	0.000	0.564	1.050	0.920	1.522
chr11:113344860-113345075	0.886	0.922	1.072	2.321	14.875	7.098	1.687	8.865	6.112	0.000	2.214	1.240	0.939	1.312	1.200	0.939	6.082	2.433	0.000	0.943	1.767
chr11:113345120-113345355	0.907	1.670	3.297	1.357	5.428	6.982	2.738	3.449	19.596	2.329	5.630	5.775	0.000	3.849	3.654	0.822	6.249	11.041	0.000	2.528	3.038
chr11:113345385-113346235	13.073	1.982	5.327	1.874	5.239	13.762	1.782	2.922	22.163	1.487	5.676	4.840	1.870	1.732	1.372	0.926	5.327	9.520	0.889	2.152	2.554
chr11:113348098-113348395	0.000	2.434	0.931	2.783	3.701	1.471	0.654	7.218	3.171	1.857	1.162	0.877	0.000	1.265	1.500	0.200	2.944	2.101	1.805	1.643	1.141
chr11:113348445-113348522	0.000	0.400	2.010	2.625	3.013	0.000	0.961	5.351	0.000	2.000	0.880	1.000	1.000	0.863	0.000	1.000	1.206	0.929	0.000	0.745	0.000
chr11:17407485-17407715	3.183	1.890	1.063	4.751	8.086	3.415	1.352	3.424	0.991	0.000	2.207	0.000	0.771	5.713	1.650	0.843	1.843	0.000	0.000	0.000	0.961
chr11:17408225-17408475	0.867	8.072	3.584	2.504	7.324	2.736	1.248	6.140	1.500	0.640	1.907	1.044	1.526	6.908	2.140	0.925	0.720	0.980	0.840	0.440	0.937
chr11:17410225-17411335	13.014	3.166	10.878	4.603	4.250	12.234	2.592	3.485	26.581	2.617	8.553	8.657	4.438	2.653	20.803	2.364	2.084	11.795	0.868	3.614	10.391
chr11:17411345-17411591	1.596	5.415	4.433	4.704	9.078	6.357	1.239	2.358	7.188	0.930	6.847	2.787	0.907	13.218	8.436	0.933	7.169	2.038	0.966	2.780	2.490
chr11:17413085-17413432	0.898	9.131	2.548	3.089	2.431	0.531	1.860	3.105	0.889	1.931	0.919	0.750	3.458	4.171	0.889	0.000	0.969	0.902	0.000	0.842	3.191
chr11:67347065-67347355	3.689	22.709	11.074	3.875	10.272	1.447	3.418	9.922	4.514	0.878	16.371	3.307	8.612	31.653	12.277	2.346	4.589	2.800	0.800	3.661	2.543
chr11:67347385-67347755	1.594	11.261	6.917	5.497	5.229	1.745	2.027	9.736	2.752	0.000	9.532	2.120	3.461	21.227	6.676	3.431	9.921	4.122	0.907	2.855	3.111
chr11:67348885-67349064	0.000	2.696	1.172	2.627	8.291	2.336	0.436	1.506	1.854	1.032	1.975	2.130	0.692	6.669	2.899	1.050	6.786	3.273	0.000	0.000	0.939
chr11:67349065-67349295	0.000	2.194	1.735	6.160	5.245	4.656	1.396	1.650	1.356	1.604	0.925	1.290	1.045	9.945	6.912	1.583	15.410	5.937	0.000	0.903	0.971
chr11:67349985-67350375	2.052	13.770	9.526	6.944	16.368	2.090	1.223	3.438	3.003	2.136	4.722	0.955	43.987	24.878	35.489	7.731	19.967	8.344	0.898	2.279	4.887
chr11:67350900-67351370	36.303	0.822	24.421	12.791	1.717	21.748	11.340	3.105	67.105	33.904	2.489	32.306	22.758	1.617	24.872	47.331	2.793	28.488	18.371	2.087	36.309
chr11:67351425-67351655	43.156	2.120	24.996	42.477	1.287	35.259	23.571	2.099	118.941	45.535	2.042	82.670	31.717	2.245	42.987	74.891	0.865	48.683	32.469	0.600	74.566
chr11:67351725-67352115	48.732	5.954	50.791	30.057	10.314	40.968	12.525	4.372	153.499	42.359	11.267	103.066	39.006	11.325	56.464	109.610	2.249	76.166	24.870	3.206	98.535
chr11:67352140-67352775	26.553	12.074	38.914	11.488	23.605	16.632	6.447	8.366	43.867	14.162	35.270	40.461	30.133	26.820	41.892	68.456	14.695	52.902	8.365	11.631	43.058
chr11:67352865-67352868	10.280	10.120	28.560	8.000	22.600	8.040	2.920	10.080	12.360	3.000	30.560	23.280	11.640	21.200	20.400	70.720	24.760	38.600	2.000	4.840	12.960
chr11:67352941-67353065	8.792	13.395	31.427	9.192	23.410	7.448	3.137	8.367	12.447	3.767	30.444	14.375	15.265	20.881	23.676	39.238	24.189	23.686	2.766	8.280	13.587
chr12:21281700-21281850	0.987	0.820	1.840	2.413	0.953	1.927	0.000	2.647	0.960	1.787	1.000	0.700	1.000	0.790	0.680	0.000	0.940	2.167	0.000	1.160	0.850
chr12:21282412-21282515	0.000	0.000	2.583	0.619	1.153	0.000	0.000	0.000	0.000	1.919	1.437	0.000	0.923	2.350	2.301	0.000	0.000	0.000	0.000	0.810	0.960
chr12:25402773-25402775	11.680	7.480	43.680	2.000	8.480	20.240	1.000	8.280	11.640	16.000	24.680	47.360	4.120	14.200	14.800	6.600	9.880	31.120	7.880	4.320	29.120
chr12:25402820-25403735	21.619	3.310	45.701	15.255	2.752	34.795	9.482	5.785	94.897	24.433	13.875	83.916	21.793	9.189	33.339	20.162	5.462	54.953	27.861	3.648	77.739
chr12:25403840-25404555	7.713	4.388	18.834	9.301	2.316	23.494	9.843	2.671	79.001	15.956	6.943	46.892	12.450	4.384	33.565	12.202	4.385	22.279	10.940	3.439	40.032
chr12:25404860-25404907	2.000	11.713	2.048	8.986	12.445	9.379	8.384	4.268	4.185	7.857	14.170	4.494	12.241	16.218	29.022	1.809	3.000	4.253	2.511	14.078	5.587
chr12:25405643-25405715	1.040	5.038	4.088	1.750	4.486	0.000	0.000	1.112	1.393	0.965	2.861	1.550	1.000	1.958	2.818	0.000	0.817	1.000	0.000	1.486	3.431
chr12:25405940-25406170	1.297	11.588	8.779	1.357	0.941	0.000	1.960	1.052	0.948	0.000	3.294	1.805	1.118	2.042	1.078	1.363	1.760	4.249	0.000	0.000	2.357
chr12:25406345-25406559	2.112	11.273	15.624	3.124	1.834	2.286	0.000	0.872	1.183	1.263	2.669	2.690	1.500	1.500	2.217	1.000	0.895	1.861	1.963	1.902	3.139
chr12:25406905-25406937	2.000	12.790	3.030	9.925	2.835	0.680	1.000	3.000	1.105	6.730	0.000	1.330	2.000	2.475	0.000	0.000	0.000	2.000	1.500	2.000	1.270
chr12:25407324-25407595	2.014	4.194	2.209	5.257	4.526	1.219	2.688	6.293	3.025	2.214	4.981	2.973	0.774	6.937	2.432	0.000	0.810	1.400	1.684	1.889	3.753
chr12:48296940-48297435	1.804	17.592	12.669	2.871	2.000	2.796	11.095	19.331	18.183	2.663	13.097	2.253	2.108	15.544	5.941	36.251	18.379	57.111	19.788	14.961	35.135
chr12:48297500-48297615	1.904	19.930	15.793	1.383	5.814	0.305	17.710	35.960	30.271	2.167	30.722	3.899	5.096	28.850	9.850	74.299	16.522	115.530	28.118	13.268	50.635
chr12:48297700-48298095	2.508	17.020	16.837	5.196	13.689	4.251	6.610	15.347	41.749	3.104	33.054	13.639	1.272	25.709	14.398	56.979	8.263	85.965	17.875	5.320	57.525
chr12:48298285-48299335	3.784	7.119	28.010	17.330	8.110	18.364	6.413	9.781	60.761	4.062	23.967	34.822	4.145	13.848	41.124	37.951	5.836	69.050	9.248	5.873	73.687
chr12:48299345-48299535	0.000	6.374	9.125	4.597	12.444	30.672	1.702	5.722	11.708	1.453	14.598	9.804	2.379	8.347	18.015	6.943	11.316	36.682	0.000	6.075	11.037
chr12:48299625-48299775	0.960	3.847	3.040	3.413	6.020	11.100	0.864	2.713	2.067	1.560	1.587	2.513	0.000	7.233	6.780	3.180	6.720	11.207	0.000	5.336	1.820
chr12:48301902-48302315	1.400	1.483	2.301	1.706	1.347	1.466	2.025	4.482	1.594	0.000	1.878	0.839	3.332	2.349	0.425	0.880	1.630	1.622	0.000	1.161	1.558
chr15:75040961-75041231	0.000	0.852	0.955	0.996	2.704	2.743	2.089	0.000	0.667	1.408	0.000	0.947	0.000	2.687	2.513	1.387	0.956	0.872	0.000	1.050	1.936
chr15:75043132-75043185	0.000	0.000	0.000	4.257	5.087	1.360	2.226	1.000	0.000	0.872	2.245	0.000	1.817	0.000	2.340	1.000	1.000	0.320	0.000	0.000	0.371
chr16:28620605-28620615	0.000	2.960	0.360	4.920	15.000	3.000	2.000	5.880	5.840	0.000	1.000	0.000	18.320	12.400	15.160	2.920	1.000	0.000	0.000	0.000	3.000
chr16:28620620-28620855	0.961	3.270	0.867	3.564	9.336	1.929	3.747	4.637	10.762	0.876	0.838	0.900	14.262	15.791	14.277	1.536	3.759	1.216	0.000	1.048	2.400
chr16:28621065-28622095	1.337	2.542	2.947	4.501	7.981	1.493	1.899	7.768	14.417	3.035	4.596	1.179	9.763	14.222	11.876	1.193	3.365	2.047	1.232	2.346	3.497
chr16:28622125-28622369	0.000	4.717	1.418	3.346	10.458	2.548	0.812	3.707	2.295	0.910	0.891	0.000	1.005	6.623	1.429	1.250	2.341	0.994	0.945	2.287	1.968
chr16:28633160-28633436	0.822	2.301	1.707	5.117	10.710	2.314	0.956	1.097	0.822	2.304	0.927	0.840	0.857	6.133	0.992	0.863	4.968	2.826	2.985	1.679	1.140
chr16:28633905-28634395	1.377	2.468	1.017	2.412	5.604	2.037	1.600	1.162	1.878	1.293	2.839	1.390	1.099	1.207	1.397	0.895	2.804	8.009	0.996	2.379	2.647
chr16:28634405-28635075	0.000	2.822	8.381	4.556	2.374	3.025	0.925	2.297	15.564	2.720	8.058	10.555	1.080	0.925	0.948	1.644	3.383	19.165	0.000	2.812	6.679
chr16:31104420-31104995	6.423	8.712	18.953	2.329	9.840	12.982	11.433	8.023	82.068	3.202	18.286	13.382	10.130	21.044	21.112	6.277	10.987	10.388	6.196	6.434	26.136
chr16:31105365-31105815	31.224	2.003	58.753	10.695	4.601	53.216	15.817	3.045	250.102	20.133	12.098	108.300	45.353	5.955	88.934	45.861	5.208	87.312	27.925	2.352	144.403
chr16:31105965-31106375	26.046	2.002	32.340	5.498	3.909	18.684	5.881	1.662	96.399	13.651	2.260	44.930	18.678	2.105	22.675	10.360	1.915	15.237	8.677	1.673	48.936
chr16:31106700-31106895	5.487	21.954	14.709	4.304	7.350	1.472	1.000	3.318	2.997	3.139	6.835	1.326	11.014	20.788	8.477	1.866	6.031	2.846	4.632	5.390	4.641
chr16:31107025-31107038	2.920	20.760	9.560	9.120	6.480	4.000	5.480	9.640	2.000	10.400	7.720	1.000	8.720	31.240	7.600	3.000	6.720	0.920	0.000	9.960	4.000
chr16:31107098-31107430	6.320	16.660	6.358	2.917	3.689	2.232	2.655	5.207	2.135	2.993	13.094	1.648	6.144	21.474	7.727	0.915	4.945	2.936	0.922	9.355	2.069
chr16:69758794-69759290	5.203	10.044	11.184	4.356	11.171	2.347	18.597	15.186	17.590	19.829	34.673	54.082	8.066	22.983	21.063	8.384	20.853	17.511	9.865	9.926	53.063
chr16:69759345-69759930	7.608	7.892	18.165	5.835	7.771	5.109	15.323	10.488	45.025	12.580	25.186	48.775	42.618	13.417	35.584	6.063	13.594	12.523	12.246	5.768	54.885
chr16:69760285-69760755	28.444	3.332	28.997	27.359	2.924	20.586	28.980	4.345	69.377	53.072	9.945	35.684	60.275	4.218	45.395	27.195	4.181	35.971	24.070	3.036	31.570
chr16:69760760-69761035	66.330	5.989	64.145	56.216	9.420	31.274	95.485	9.449	45.630	177.953	29.262	56.538	228.328	6.556	87.193	73.689	16.544	43.279	87.041	8.476	48.496
chr16:69761280-69761710	11.785	7.455	19.441	9.552	8.873	4.394	15.996	5.432	12.163	63.697	26.398	11.273	90.806	5.802	41.206	18.716	11.109	8.205	21.673	5.947	8.653
chr16:69761860-69762095	2.538	6.944	9.545	9.724	14.735	3.375	2.451	6.506	3.200	12.764	20.017	2.003	87.168	27.346	35.398	6.136	3.832	1.610	8.722	8.977	3.562
chr17:37843185-37843275	0.800	1.347	2.589	5.300	5.444	0.000	1.178	4.789	5.989	0.000	2.256	2.733	16.264	12.869	9.613	3.367	2.044	3.707	0.600	4.000	2.220
chr17:37843280-37843955	2.323	7.000	14.331	8.636	12.675	7.868	2.982	8.055	14.080	2.060	8.277	8.043	38.592	23.649	40.365	2.476	10.617	10.860	2.051	5.769	14.601
chr17:37844005-37844675	28.480	1.712	47.992	50.809	5.200	40.025	27.682	2.444	121.606	28.549	7.368	118.170	84.832	4.077	76.261	26.635	2.381	82.822	26.603	3.270	71.016
chr17:37844805-37845775	6.412	11.311	35.596	35.125	13.309	19.774	7.014	13.999	31.865	9.270	32.384	28.188	33.934	16.679	45.463	9.286	25.834	44.127	5.547	13.188	33.125
chr17:37852400-37852655	1.015	0.267	0.943	7.432	7.820	2.546	0.000	1.424	0.970	1.760	0.850	0.000	0.000	1.329	0.000	0.925	0.000	0.000	1.443	0.912	0.473
chr17:37855185-37855391	0.000	1.105	1.063	4.083	9.160	3.319	1.670	1.895	1.248	0.000	3.672	0.000	0.929	1.214	1.046	0.939	3.053	0.000	0.000	3.729	1.884
chr17:37855867-37856075	0.000	0.440	1.764	11.385	3.500	28.340	13.113	7.149	45.637	3.668	15.785	41.881	1.564	1.470	0.000	17.519	10.444	36.664	13.033	2.966	34.501
chr17:37856100-37857635	1.057	1.527	1.861	16.151	3.475	38.888	8.478	4.088	92.259	4.543	6.049	26.771	1.260	1.616	1.148	7.645	5.776	34.902	5.527	3.215	50.077
chr17:37857645-37857895	0.822	2.332	1.286	15.094	15.688	37.474	1.529	10.682	32.388	1.372	13.830	6.930	2.100	4.274	3.495	2.148	20.102	13.094	1.258	6.197	20.078
chr17:37857905-37858105	0.921	2.696	0.883	10.058	16.869	26.681	1.019	8.671	9.966	2.395	9.464	4.120	2.400	11.412	2.246	1.835	14.452	8.309	1.255	8.824	8.540
chr17:41276480-41276755	21.986	4.494	59.962	17.703	6.987	35.415	7.310	4.014	41.570	26.946	11.384	101.913	64.022	6.614	64.505	26.220	6.488	63.733	19.418	6.535	67.783
chr17:41276980-41277275	53.024	1.192	52.111	20.776	6.607	45.487	31.906	6.690	167.384	55.185	14.096	125.136	137.399	4.392	83.505	65.826	4.064	93.375	51.540	3.459	86.483
chr17:41277360-41277675	12.097	0.440	23.048	11.684	1.368	22.446	20.553	2.053	91.140	41.721	3.570	100.709	42.669	1.370	43.761	33.398	1.174	36.972	26.101	0.960	66.408
chr17:41277705-41277915	59.071	3.091	83.469	42.445	3.634	63.818	29.992	3.042	128.587	111.004	7.409	359.178	259.936	3.128	143.757	238.262	0.929	154.470	73.565	1.410	147.001
chr17:41277960-41278250	21.383	7.365	73.603	28.413	11.898	41.371	16.861	13.338	95.945	35.951	29.687	135.869	213.834	7.086	98.737	167.490	11.669	164.665	39.435	4.698	104.756
chr17:41278265-41278662	7.289	14.291	24.295	10.346	10.627	9.381	5.877	9.818	35.545	7.641	24.050	32.387	69.356	18.471	51.229	35.951	12.770	74.468	9.848	9.660	31.094
chr17:41279480-41279710	0.982	2.141	2.451	0.861	1.075	1.096	0.000	0.864	0.000	0.511	1.000	0.800	1.279	2.130	2.006	0.917	2.135	1.222	0.956	0.965	0.794
chr17:41280980-41281475	2.462	2.438	4.188	3.606	1.062	1.208	2.112	3.666	1.629	18.596	33.597	12.720	3.811	4.532	2.345	45.464	9.194	12.736	4.767	4.610	3.600
chr17:61551560-61551815	1.321	0.000	0.857	0.929	2.570	0.000	0.000	1.447	1.226	21.630	23.724	5.267	6.245	15.048	5.432	2.173	0.988	1.275	0.000	1.427	0.965
chr17:61551945-61552170	0.280	1.126	0.818	2.025	3.547	1.884	1.062	1.467	0.833	39.111	30.515	6.182	3.044	15.217	1.003	0.965	1.884	2.146	0.000	0.780	1.301
chr17:61553052-61553775	0.925	1.345	1.234	2.837	19.985	6.333	0.925	1.686	1.881	6.401	11.559	1.949	2.342	15.717	2.990	0.822	2.881	1.944	1.379	3.232	2.198
chr17:61553785-61555116	6.971	4.367	9.363	3.140	5.107	14.461	1.850	3.965	19.871	6.711	9.219	18.496	2.155	3.972	11.943	1.198	3.588	8.979	2.552	4.577	14.645
chr17:61555154-61555504	1.620	8.609	4.646	7.395	23.043	17.328	1.850	11.227	6.583	11.418	27.633	39.155	1.657	15.242	2.016	0.899	12.644	12.367	1.851	11.302	7.416
chr17:61556025-61556215	2.092	2.344	2.042	1.456	17.446	2.526	5.528	33.962	7.837	15.022	34.747	13.656	0.769	17.321	4.116	3.295	35.488	6.443	8.884	26.132	10.192
chr17:61556280-61556421	2.358	5.614	2.312	2.972	21.132	1.568	1.762	10.976	1.510	2.894	18.072	7.261	2.417	20.756	2.105	0.747	23.375	2.498	2.203	6.613	3.773
chr17:61558177-61558616	1.657	2.372	0.925	2.263	4.538	1.969	1.314	1.780	1.728	1.584	1.521	1.839	0.883	3.098	0.000	0.822	2.820	1.878	0.000	0.939	1.667
chr17:61559672-61560163	0.000	1.026	1.446	4.607	1.173	1.622	2.613	1.347	0.902	1.771	2.206	0.996	1.083	1.912	0.889	0.857	1.514	1.120	0.889	0.905	1.152
chr17:61561209-61561335	0.000	0.000	2.947	3.644	2.270	2.695	0.854	0.000	1.138	0.000	2.000	0.000	0.771	1.989	0.000	0.000	1.523	0.964	0.000	0.000	0.791
chr17:61562065-61562495	0.936	0.925	0.925	2.437	5.341	0.944	1.972	0.853	1.324	1.161	0.750	1.200	0.945	5.909	2.438	0.822	1.694	0.889	0.920	1.386	1.357
chr17:61562565-61562715	0.000	0.861	1.987	3.531	2.920	1.193	2.367	1.000	0.983	0.988	1.733	0.000	2.260	4.481	3.643	0.000	1.157	0.000	0.830	0.892	0.000
chr17:61563565-61563573	0.000	0.000	2.000	2.000	4.000	0.040	0.000	0.000	0.000	0.040	2.000	1.000	7.360	4.000	1.000	1.000	0.000	1.000	2.000	1.000	2.000
chr18:653601-653831	1.006	1.109	5.196	3.367	4.801	1.289	0.898	2.957	1.765	2.448	1.812	3.024	4.387	8.784	5.697	0.873	0.954	1.000	1.135	1.003	2.712
chr18:656840-657035	7.240	0.918	6.257	0.833	1.226	2.908	1.692	0.956	2.976	0.853	2.714	9.006	14.449	3.477	14.337	4.290	2.693	5.305	1.348	2.113	6.463
chr18:657220-658510	38.143	1.385	41.325	23.795	2.858	45.534	23.342	3.275	144.248	47.442	5.104	90.899	102.623	3.320	77.342	17.588	2.627	41.296	21.079	2.061	87.148
chr18:658585-659015	32.561	6.510	42.267	13.177	12.814	30.609	16.499	4.227	69.512	27.379	20.165	89.667	100.048	16.235	92.514	8.086	7.650	17.712	9.658	9.064	51.498
chr18:659260-659282	14.338	11.200	40.331	7.949	16.807	3.724	1.975	2.487	16.247	8.576	29.218	32.084	32.502	53.469	24.956	0.769	8.515	7.644	1.000	5.949	12.660
chr19:16008825-16009055	0.000	0.705	1.474	4.076	1.874	0.792	0.000	0.990	0.000	0.560	0.000	1.044	0.884	4.303	0.869	1.613	1.141	0.843	1.560	1.651	0.819
chr19:16009085-16009160	0.000	1.000	0.925	0.000	0.824	1.000	0.000	0.872	0.000	0.000	0.686	0.850	0.000	3.683	1.413	2.467	1.000	0.000	0.000	0.000	0.968
chr19:38920339-38920455	0.934	14.699	4.660	2.069	3.117	0.556	4.338	2.200	1.447	1.907	0.781	0.000	2.996	7.136	3.354	0.000	1.060	0.000	1.034	0.756	2.569
chr19:38922025-38922048	0.000	0.000	3.360	1.880	2.400	2.000	1.000	4.760	2.000	0.000	1.000	1.000	2.000	5.000	0.000	0.000	0.000	1.000	0.000	0.000	0.000
chr19:38924020-38924390	0.893	5.672	4.103	1.164	3.695	3.089	2.933	4.045	7.913	1.000	3.145	1.714	9.458	9.136	19.362	0.000	2.296	4.255	0.000	1.358	1.449
chr19:38924565-38924607	1.190	6.310	5.757	3.113	10.247	37.787	14.733	7.157	53.952	0.000	5.643	2.000	6.794	19.746	34.080	0.000	3.737	0.200	0.000	1.127	0.000
chr19:38925220-38925675	0.000	2.527	0.973	12.504	8.360	11.847	15.151	8.918	20.429	1.320	1.635	0.945	10.890	14.851	19.265	0.855	1.869	1.970	0.000	0.889	1.511
chr19:41354371-41354830	0.000	1.153	1.667	4.496	7.080	12.445	0.725	2.421	4.220	1.511	3.485	0.945	1.590	3.756	1.106	1.351	1.535	3.323	0.000	1.889	2.442
chr19:41354965-41355115	0.000	0.720	0.877	2.977	5.308	3.749	1.125	0.953	0.080	1.000	0.987	0.941	1.169	4.829	0.000	1.565	1.679	1.591	0.000	0.240	2.588
chr19:41355165-41355222	0.000	0.000	1.000	1.326	3.404	1.168	2.000	2.124	0.000	1.000	0.560	1.168	2.474	6.561	0.000	1.000	0.938	0.480	0.000	1.960	1.024
chr19:41495405-41495555	0.000	2.133	1.496	4.191	2.847	0.653	1.242	1.000	1.512	1.141	1.711	0.891	2.047	1.453	0.973	0.000	0.000	0.823	0.876	1.600	2.073
chr19:41495645-41495742	0.000	3.035	3.647	2.887	1.078	0.800	1.753	0.000	0.000	3.541	2.412	2.062	7.381	11.581	0.000	0.000	1.951	1.790	0.714	1.000	0.763
chr19:41497540-41497790	0.943	1.326	1.505	6.090	1.530	1.625	1.546	0.844	0.617	0.889	0.000	0.887	2.068	1.276	0.978	0.930	0.000	1.322	0.000	1.200	2.132
chr1:115258640-115259290	88.534	4.484	79.692	49.549	4.456	74.662	106.945	2.771	172.685	191.625	13.034	327.985	175.147	2.854	142.849	311.832	3.580	136.724	120.126	4.734	168.100
chr1:115259325-115259555	31.813	1.500	15.923	18.194	1.474	23.036	32.664	1.324	64.113	84.686	3.251	65.750	53.261	1.590	52.386	108.698	2.752	41.125	56.562	1.084	48.584
chr1:115259585-115259850	14.610	10.501	24.593	16.361	5.612	20.098	52.521	13.322	34.481	45.976	33.537	67.254	65.533	17.649	58.248	129.651	20.264	33.947	36.058	9.538	39.866
chr1:115261778-115262015	0.920	1.139	1.076	3.137	0.769	3.127	5.695	2.717	1.392	2.992	1.624	3.788	3.104	0.736	1.489	27.219	7.707	3.081	1.132	2.278	1.433
chr1:115263265-115263415	0.000	0.870	4.992	4.785	1.605	1.820	4.228	7.869	0.000	2.367	1.776	1.225	2.371	2.468	0.560	3.222	4.963	2.785	1.320	3.389	2.597
chr1:11862320-11862510	4.405	9.067	20.555	3.584	11.898	2.735	6.660	10.543	15.562	13.050	27.672	56.435	96.495	10.734	127.527	6.549	10.114	7.900	10.735	5.998	69.695
chr1:11862565-11863075	6.161	8.990	23.748	8.016	14.559	3.431	12.513	6.504	60.815	16.623	28.592	82.228	88.493	9.483	114.296	6.098	14.398	16.247	18.353	6.523	87.658
chr1:11863105-11863495	13.868	10.646	32.173	13.212	23.806	16.877	10.831	13.358	94.132	27.185	34.696	69.593	45.987	7.238	107.724	11.441	23.123	26.664	31.094	6.012	128.319
chr1:11863525-11863930	14.084	15.148	30.699	8.926	14.965	14.004	11.266	9.270	40.822	17.446	29.755	31.401	29.130	17.818	46.635	14.793	18.803	20.552	16.196	6.108	32.676
chr1:11864545-11864810	12.067	13.387	20.768	2.136	16.213	10.814	16.181	25.423	9.758	19.279	65.142	8.287	113.616	24.025	104.297	19.767	24.392	11.245	35.847	36.320	16.961
chr1:11864865-11865315	18.099	6.164	38.234	9.927	6.387	20.996	24.138	13.197	28.724	48.208	35.948	46.622	194.453	11.175	116.416	49.590	16.065	47.360	49.136	13.038	34.156
chr1:11865465-11866315	37.285	1.693	33.136	25.936	1.894	35.800	41.474	2.481	144.739	78.563	8.818	53.769	129.839	2.293	72.102	67.915	2.223	40.657	62.375	3.182	51.234
chr1:11866380-11866595	28.198	0.867	32.770	20.902	3.109	36.240	27.278	0.843	189.367	54.754	6.523	115.068	49.947	3.309	73.956	77.987	2.924	66.395	47.717	2.700	87.600
chr1:11866680-11866955	39.228	4.004	84.734	13.612	12.870	47.372	23.051	10.548	76.068	54.314	27.618	188.853	119.050	22.825	94.340	129.974	15.105	111.325	39.555	9.503	111.721
chr1:169553842-169554355	2.887	4.841	3.749	4.072	1.438	1.655	0.830	4.436	2.897	1.809	1.766	0.961	2.033	2.658	1.623	5.304	28.570	6.561	0.000	3.071	1.406
chr1:169554540-169554690	0.000	2.025	1.715	1.687	0.000	0.000	0.314	1.350	0.120	0.000	0.480	0.000	0.000	1.000	2.111	0.000	3.337	1.156	0.000	1.967	0.000
chr1:169555500-169555895	1.889	8.664	12.052	3.853	10.456	4.180	1.837	5.831	4.316	3.180	8.832	8.980	1.525	6.166	10.159	0.841	8.369	5.992	1.028	1.869	1.709
chr1:169555905-169556055	0.859	22.124	9.377	6.339	5.439	1.405	0.982	4.147	5.423	1.019	16.364	4.033	4.764	7.751	7.745	3.399	8.815	1.053	1.707	4.847	5.217
chr1:169557445-169557730	0.000	2.699	4.377	1.608	1.332	0.000	0.855	0.000	0.000	1.729	0.000	1.362	3.214	2.329	1.000	0.000	0.838	0.000	0.000	1.443	0.979
chr1:169558400-169558630	3.365	8.660	1.930	3.445	1.615	0.000	0.000	0.859	1.459	1.855	2.649	1.591	1.815	0.904	0.333	1.000	2.743	2.822	0.000	1.000	2.368
chr1:186649080-186650130	2.242	4.280	13.176	7.518	4.407	32.906	2.800	3.892	7.645	151.926	5.156	163.503	1.022	1.631	3.578	84.546	1.905	72.479	46.262	3.056	89.808
chr1:186650145-186650267	0.000	5.051	3.875	2.934	4.695	17.442	0.000	0.000	1.111	236.824	2.455	302.687	1.105	1.098	1.011	197.002	2.327	132.746	50.084	2.579	92.797
chr1:186650960-186651235	0.000	0.822	1.528	0.947	1.673	0.775	0.000	0.000	1.220	30.479	15.183	42.132	0.000	0.796	0.835	57.140	3.999	30.238	3.048	3.415	11.596
chr1:186651879-186652170	0.958	3.818	0.861	0.522	0.956	0.543	0.000	0.200	0.935	7.590	14.921	12.456	2.377	0.000	3.617	14.774	3.627	15.257	2.058	5.129	3.165
chr1:201080005-201080087	0.556	1.114	1.000	2.400	1.817	0.703	5.737	6.900	9.971	0.000	0.902	0.000	0.640	2.017	1.000	0.120	1.293	0.000	0.912	2.965	2.000
chr1:201080721-201080975	0.000	1.149	0.844	3.465	2.575	0.837	22.624	16.747	11.915	0.000	0.903	0.867	0.924	0.080	0.000	0.845	0.960	1.248	0.853	0.889	1.542
chr1:201081185-201081201	8.000	1.062	0.677	1.042	3.000	1.000	3.000	12.383	7.850	0.720	0.000	0.475	0.000	3.395	0.613	1.000	0.000	1.000	0.000	0.000	2.000
chr1:201083097-201083275	1.902	5.700	5.989	3.105	9.421	9.593	0.914	7.191	8.017	1.412	6.191	5.427	0.320	4.795	1.922	2.640	11.562	5.061	2.204	5.292	6.860
chr1:201083320-201083575	0.900	8.159	15.482	2.125	3.819	17.271	2.494	5.801	66.492	1.251	11.569	16.424	0.877	6.311	0.889	0.964	7.704	25.668	1.329	1.894	22.376
chr1:201083585-201083694	0.000	6.017	17.461	4.018	7.227	34.825	5.695	9.540	178.735	0.760	12.627	35.584	0.972	3.807	0.862	2.000	7.129	48.236	2.272	1.821	59.652
chr1:201083695-201084355	0.987	2.165	6.277	4.551	5.022	16.762	2.465	3.448	52.080	1.000	6.932	7.937	0.925	1.487	2.031	1.137	3.958	13.054	2.643	5.481	16.169
chr1:201084565-201084671	0.000	1.211	2.951	4.182	8.028	1.660	0.962	0.000	2.823	0.000	1.053	1.000	1.000	2.000	0.000	0.968	1.245	1.602	1.000	0.000	2.000
chr1:60392005-60392255	0.975	9.327	21.560	3.846	7.875	22.314	0.367	12.714	33.778	1.190	14.114	36.020	2.750	6.726	1.388	3.882	6.290	58.430	0.889	7.294	21.154
chr1:60392340-60392685	2.633	2.901	11.125	2.956	4.664	13.916	2.146	6.027	26.802	1.077	7.492	18.391	0.000	2.704	1.604	2.401	3.499	28.794	1.907	3.358	25.905
chr1:98384620-98384830	8.442	6.262	20.734	2.948	2.513	0.969	5.390	7.753	6.241	2.454	9.306	4.366	0.838	0.804	4.312	2.843	11.387	3.274	9.026	8.334	28.007
chr1:98385095-98385475	13.416	2.616	33.462	1.096	3.487	1.425	18.935	2.871	20.316	4.191	10.651	38.700	1.446	2.244	2.795	4.624	6.961	27.779	16.295	2.997	54.075
chr1:98385506-98385590	21.210	3.928	37.004	0.900	4.271	2.357	24.151	0.550	29.956	16.369	10.770	51.057	1.762	4.619	2.328	10.866	6.269	52.859	20.979	4.607	60.491
chr1:98385680-98385776	10.242	1.968	42.207	1.004	6.467	1.062	18.527	2.794	27.169	9.964	22.185	78.906	2.000	0.802	4.518	8.387	6.677	47.593	22.153	2.932	80.404
chr1:98385778-98385830	10.435	3.001	36.565	1.746	5.352	0.981	21.571	2.219	27.146	10.202	18.575	97.806	2.000	1.000	10.420	7.945	7.664	44.164	22.319	3.665	72.096
chr1:98385880-98386395	32.861	3.093	57.381	4.225	8.576	30.003	40.811	1.925	216.030	44.583	7.877	171.722	4.375	5.385	26.619	23.448	3.794	89.619	38.604	2.734	132.176
chr1:98386440-98387175	22.274	1.586	36.677	8.792	1.607	31.027	22.068	3.954	91.446	38.534	9.634	90.625	3.469	4.531	16.453	14.764	4.151	56.458	22.776	2.968	64.287
chr20:48183855-48183935	0.000	0.000	0.000	4.040	7.635	13.172	0.000	3.845	2.120	1.460	26.040	10.607	0.000	3.195	2.915	0.000	0.800	2.000	8.557	5.845	9.190
chr20:48183985-48184135	0.000	1.812	0.000	3.344	6.984	28.957	1.957	2.743	3.812	4.565	18.387	8.288	0.000	1.053	1.232	0.000	1.264	1.337	6.295	2.505	19.513
chr20:48184145-48184315	0.000	3.549	0.879	12.969	13.925	32.551	0.820	4.515	7.445	4.254	36.669	21.261	0.000	0.836	2.136	0.000	5.129	2.389	11.391	5.567	23.273
chr20:48184425-48184835	18.017	1.080	3.398	11.551	3.171	15.207	2.260	5.657	11.600	3.116	4.388	16.576	0.926	0.816	1.012	0.000	2.470	2.005	1.850	2.012	8.688
chr20:48184885-48185795	15.833	2.220	1.841	31.542	14.021	10.599	1.874	2.983	2.411	1.600	4.315	2.316	1.091	1.717	0.889	2.816	1.048	1.764	2.154	2.518	2.855
chr20:48186235-48186649	0.880	1.374	1.165	4.628	11.426	1.522	1.863	4.089	1.251	1.826	1.995	1.407	1.856	3.845	1.645	0.925	1.714	1.266	2.078	3.664	4.302
chr20:48187452-48187682	0.000	1.153	0.976	3.979	7.622	1.365	1.091	9.316	1.850	1.354	3.577	0.885	1.698	0.000	1.010	0.250	1.399	0.952	2.578	2.813	1.665
chr21:46952749-46953025	4.851	2.054	2.264	1.536	2.151	1.163	3.204	0.970	1.636	10.982	32.145	2.833	1.857	0.922	1.726	0.732	0.560	2.740	0.440	0.954	1.721
chr21:46955625-46955901	0.947	2.091	1.738	1.921	2.268	0.914	0.920	0.800	2.805	3.529	6.759	0.000	2.525	1.644	2.051	1.223	4.583	4.851	0.968	0.840	1.852
chr21:46956805-46956987	0.839	1.577	0.972	3.101	0.867	2.547	0.944	2.107	2.659	0.832	3.671	0.000	1.893	0.782	0.700	1.793	0.000	1.129	0.200	0.920	1.828
chr21:46960731-46960915	2.191	7.370	15.886	3.863	5.110	1.222	0.723	1.488	2.347	4.726	6.150	5.980	5.417	15.406	34.251	1.118	9.029	3.868	1.704	1.087	2.633
chr21:46960925-46960991	3.052	3.018	18.428	1.818	5.369	1.000	1.606	1.697	6.098	2.278	13.956	11.434	13.215	11.449	53.846	2.000	9.425	5.505	1.000	1.000	4.955
chr21:46961343-46961915	20.084	5.330	43.135	5.173	11.845	17.565	7.478	9.674	57.259	17.683	20.265	37.036	27.549	10.483	73.078	7.777	11.327	33.812	7.946	9.905	24.051
chr21:46962260-46962739	5.189	0.480	10.531	2.429	1.071	6.307	4.638	0.939	26.532	6.873	1.804	9.253	8.116	2.205	10.324	2.305	0.925	7.047	3.701	1.063	10.744
chr21:46962905-46963232	9.212	6.741	17.059	4.823	12.170	3.415	0.594	1.362	3.553	4.577	6.451	4.236	2.457	5.464	5.605	1.749	3.084	5.223	0.949	1.178	1.957
chr21:46963305-46963724	7.387	15.491	13.776	2.780	9.891	2.823	0.979	2.789	2.633	1.877	6.526	1.418	1.988	5.536	4.914	0.925	1.071	3.163	1.040	1.195	1.489
chr21:46963908-46963935	4.351	11.378	14.455	2.970	5.268	0.000	0.000	1.000	1.000	0.000	2.046	1.000	0.000	2.000	1.403	0.941	0.000	0.000	0.446	4.000	0.748
chr21:46963965-46964278	5.647	13.534	12.521	3.564	7.217	0.866	2.800	0.866	1.735	0.769	2.512	1.006	0.000	4.599	0.714	0.000	1.751	2.946	0.947	2.318	1.891
chr22:19925262-19925435	0.000	0.961	1.665	5.178	3.393	2.249	1.495	0.000	0.000	5.178	15.393	4.306	4.938	9.590	8.860	0.000	0.800	1.865	1.382	0.813	4.408
chr22:19925720-19925950	0.000	1.204	1.291	1.750	1.131	0.000	1.715	1.194	1.389	5.157	14.104	1.239	1.183	4.291	2.865	1.657	1.517	3.726	1.383	3.800	0.977
chr22:19927925-19927970	0.000	6.707	6.769	1.889	1.000	1.000	4.693	2.489	5.907	0.000	12.444	10.133	22.311	46.280	51.689	3.000	3.582	1.000	0.600	2.009	9.178
chr22:19928200-19930950	37.550	6.978	42.384	5.144	7.832	8.038	96.227	9.616	120.750	79.909	30.529	71.680	271.967	40.666	211.412	46.824	11.387	54.252	55.633	7.650	69.612
chr22:19930980-19931130	12.869	8.361	13.757	1.496	3.644	0.992	92.297	14.655	11.872	43.333	24.632	6.515	55.229	32.108	42.951	22.499	15.085	13.169	35.200	12.428	8.620
chr22:19931205-19931262	6.625	3.246	9.909	2.088	5.853	1.860	42.735	13.825	6.274	39.337	33.016	7.930	30.698	30.329	23.495	14.961	19.288	7.045	33.864	7.253	10.658
chr22:19935265-19935535	5.744	7.323	8.827	2.396	3.170	2.303	14.252	13.051	7.586	52.884	20.162	5.311	229.174	55.576	51.188	8.651	10.853	7.744	15.421	7.794	4.607
chr22:19935800-19935864	3.462	5.219	3.752	0.984	0.891	1.688	8.168	7.335	0.800	70.472	37.615	3.625	15.455	28.723	5.376	7.999	8.815	2.555	5.976	9.666	3.079
chr22:19936927-19937435	0.902	2.058	2.942	1.425	2.902	1.371	5.728	12.886	2.182	67.251	33.262	11.157	3.071	11.088	7.145	5.866	17.256	4.982	4.771	8.633	4.738
chr22:19937905-19938115	0.000	4.241	2.676	0.825	2.924	1.848	3.847	3.848	1.477	34.988	42.571	2.877	8.700	7.917	1.429	1.776	0.882	2.952	3.048	7.613	1.676
chr22:19938345-19938461	0.960	1.327	2.974	3.319	3.543	0.784	6.280	1.474	1.293	24.965	18.837	5.319	15.678	3.993	2.800	1.483	0.707	1.698	1.733	4.013	3.810
chr22:19938920-19939135	2.728	1.563	1.347	3.476	3.126	1.181	1.583	2.888	0.916	6.409	13.396	0.976	9.515	8.752	2.346	1.609	1.256	1.497	3.236	2.431	2.623
chr22:19939240-19939390	0.000	1.788	1.800	3.420	1.937	1.437	4.316	1.768	2.379	8.452	7.976	1.193	8.348	8.819	5.289	1.445	0.904	0.320	2.800	5.439	3.317
chr22:19939405-19939555	0.838	1.096	0.800	7.125	2.733	0.000	3.572	3.233	1.972	6.241	5.767	1.620	3.533	10.708	2.392	0.511	1.140	0.000	1.331	3.313	2.092
chr22:19946625-19946775	1.087	1.860	1.627	10.180	13.620	25.747	1.907	3.440	1.360	12.033	23.213	22.013	35.093	66.307	72.907	6.807	14.080	12.893	4.840	10.213	9.813
chr22:19946800-19947135	0.740	1.944	1.305	2.970	3.094	7.239	0.782	5.454	0.000	5.826	11.524	11.218	13.042	22.762	34.185	4.517	6.860	8.777	1.414	3.686	5.489
chr22:19947200-19947535	0.925	2.232	0.884	15.743	29.155	7.502	0.966	5.478	0.925	10.732	12.641	2.331	34.890	75.382	44.635	17.964	11.361	4.167	2.910	3.773	4.193
chr22:19947560-19947750	1.870	4.713	2.001	4.711	13.517	2.242	0.000	1.376	0.000	4.358	7.805	2.557	9.281	86.490	21.185	14.503	13.179	2.993	0.855	1.242	3.121
chr22:19947780-19948035	2.153	5.026	0.999	7.918	10.736	1.871	1.363	2.692	0.000	2.442	7.531	1.838	17.833	71.585	12.292	5.911	7.914	1.438	0.894	1.975	2.296
chr22:19948905-19949055	1.673	2.255	1.767	5.504	7.227	2.253	1.448	3.649	0.931	1.841	1.620	0.000	7.463	20.181	6.436	3.164	0.927	0.899	0.790	2.652	1.587
chr22:19949880-19950155	0.467	2.470	0.923	3.097	7.260	1.942	2.447	7.571	2.169	3.465	13.175	1.464	6.127	20.908	7.002	4.681	13.538	5.631	2.204	9.159	4.793
chr22:19950180-19950475	2.007	2.324	0.705	14.617	30.015	6.651	5.844	23.418	3.227	14.361	50.501	2.003	6.447	19.554	5.803	38.357	38.357	23.902	6.360	10.569	3.389
chr22:19950545-19950855	1.476	1.180	0.838	9.993	15.163	8.364	1.608	7.764	3.180	14.268	26.245	3.538	3.040	4.805	3.884	14.519	11.281	8.894	2.100	6.552	1.145
chr22:19950985-19951355	1.457	1.491	1.190	5.488	20.162	3.270	1.165	3.359	0.932	15.973	19.208	3.014	5.970	4.277	3.097	38.072	29.893	13.966	1.527	3.514	3.468
chr22:19951420-19951715	0.925	1.154	1.483	4.379	7.339	1.075	1.181	1.386	3.210	5.300	4.161	0.995	5.364	3.849	3.776	10.751	29.085	6.604	1.334	0.892	1.393
chr22:23518551-23518770	5.854	13.131	8.370	0.960	0.974	1.747	0.986	0.906	1.029	0.882	1.315	1.831	10.052	30.827	13.126	0.000	0.889	2.325	0.954	1.338	1.607
chr22:23518905-23519170	10.936	23.503	5.177	6.169	1.974	2.470	3.038	1.347	1.718	0.754	1.821	1.674	7.829	63.340	17.381	1.463	1.331	2.808	0.925	1.162	1.665
chr22:23519399-23519450	14.595	31.773	7.536	5.860	3.000	0.000	0.000	0.500	2.000	1.005	0.115	0.600	36.554	195.607	31.151	0.160	5.549	1.560	3.096	2.000	5.142
chr22:23519480-23519675	16.911	31.411	9.282	3.495	1.201	0.000	1.595	0.000	1.935	2.157	1.840	2.427	28.112	161.095	27.244	1.908	3.992	3.672	2.482	1.549	2.617
chr22:23520660-23521106	1.576	15.606	5.259	4.249	10.002	1.970	0.000	7.676	1.634	14.976	28.408	3.487	14.988	74.164	21.775	4.237	11.595	2.300	2.775	8.298	2.082
chr22:23521185-23521435	5.301	9.526	4.266	5.558	12.102	4.806	3.985	9.729	2.127	16.006	40.682	3.492	27.079	93.831	23.786	3.202	7.704	3.636	2.543	7.542	2.395
chr22:23521520-23522055	3.109	17.978	6.807	3.451	10.785	2.400	1.315	5.928	1.951	17.981	40.779	6.975	28.644	142.529	52.066	5.378	12.758	4.206	1.845	7.661	4.289
chr22:23522344-23522535	4.077	12.592	13.690	5.248	7.384	12.836	3.320	13.233	38.910	39.072	31.923	34.742	150.123	97.153	265.249	9.916	17.216	24.041	7.267	6.757	33.031
chr22:23522580-23523115	3.331	1.160	7.712	2.793	1.520	5.314	1.100	1.812	30.377	16.800	3.877	15.129	51.122	5.133	60.080	3.040	1.465	4.367	2.071	0.520	14.707
chr22:23523120-23523438	5.098	2.094	27.718	12.529	2.934	41.145	0.900	5.395	82.022	43.443	2.071	64.541	129.356	34.193	230.787	13.027	0.927	32.663	6.346	1.444	55.926
chr22:23524499-23524551	5.419	7.648	77.195	3.640	16.736	35.544	1.850	8.998	48.921	44.320	11.862	211.308	42.408	219.788	143.959	19.789	19.204	71.125	1.989	2.079	33.830
chr22:24383879-24384115	19.257	7.991	48.116	17.076	1.682	26.407	0.000	0.000	0.000	14.470	4.752	20.088	64.726	5.399	59.580	10.148	2.114	14.336	9.557	2.161	54.312
chr22:24384200-24384490	15.990	4.004	36.816	5.944	2.938	11.939	0.000	0.000	0.000	10.257	6.884	12.731	18.564	3.901	28.314	3.697	1.417	4.968	8.619	1.814	21.071
chr22:24384580-24384915	11.731	18.601	43.311	6.769	12.765	5.890	0.000	0.000	0.000	9.816	13.982	3.390	37.532	28.219	29.041	2.808	4.229	2.451	9.251	10.498	11.905
chr22:42525357-42525699	0.000	0.735	0.000	1.884	2.092	0.914	1.748	1.257	0.922	1.235	1.746	0.927	0.000	2.406	0.946	0.000	0.881	0.860	0.948	1.324	0.890
chr22:42527653-42527795	0.944	1.303	0.895	1.238	2.565	0.000	0.920	0.280	3.310	0.000	2.065	0.960	2.538	1.000	1.000	0.000	1.849	0.950	0.763	1.000	1.314
chr22:42528485-42528769	0.964	1.830	1.610	1.259	0.974	1.052	1.475	0.875	0.956	0.795	0.925	1.089	0.979	0.000	0.887	0.000	2.218	1.464	0.000	0.000	1.530
chr22:42530185-42530412	2.048	3.479	1.517	2.727	0.919	1.661	9.598	12.829	13.835	0.000	0.600	1.168	3.019	5.097	2.088	6.372	6.421	2.351	2.412	4.939	6.153
chr2:234665243-234665735	0.000	1.567	1.170	0.888	1.299	0.914	1.358	1.357	0.400	0.809	0.080	1.269	1.759	0.916	1.740	1.152	1.863	2.045	0.000	0.720	0.889
chr2:234667540-234667730	0.667	3.323	2.373	3.167	2.674	1.184	0.962	0.890	0.974	0.000	5.641	0.990	0.000	0.000	1.839	0.879	1.758	1.316	0.000	0.000	0.000
chr2:234668691-234668955	0.726	0.971	2.121	0.988	0.000	1.533	1.933	1.534	0.872	0.000	0.000	0.000	1.593	1.800	1.770	2.519	6.857	0.868	0.746	0.812	1.140
chr2:234670060-234670375	0.895	1.805	2.880	1.698	1.824	1.194	0.822	0.000	0.930	0.000	0.080	1.134	0.000	0.000	0.836	8.522	26.601	16.364	1.124	2.540	2.310
chr2:29446665-29447255	0.333	2.123	1.138	4.147	3.602	1.177	3.261	12.337	2.129	2.600	3.923	2.107	2.015	0.884	1.666	2.869	17.122	1.356	0.360	10.922	2.964
chr2:29447325-29447621	0.840	1.789	1.085	2.747	1.956	1.417	0.867	6.347	1.804	0.680	3.903	1.334	3.250	0.000	0.500	1.326	6.875	1.791	0.979	10.111	2.923
chr2:29448725-29448766	0.000	1.000	0.000	2.000	3.220	1.000	0.000	1.000	1.359	0.000	0.000	2.000	0.000	0.000	7.000	0.000	2.372	1.000	0.000	0.320	2.000
chr2:29448767-29448975	0.000	2.144	0.000	1.495	7.447	0.966	1.933	0.907	1.188	1.312	0.980	1.944	0.000	1.705	3.177	0.000	1.621	0.842	1.811	1.897	2.457
chr2:29449425-29449675	0.000	2.448	1.852	0.889	1.640	0.770	2.376	2.324	0.897	0.000	1.136	0.000	0.900	1.647	0.816	0.000	1.080	2.416	0.900	1.531	0.889
chr2:30142920-30142995	0.000	0.000	1.000	1.000	16.715	7.613	1.408	3.733	6.195	0.000	1.600	0.886	0.667	0.956	1.000	1.000	2.864	3.896	0.691	3.608	4.067
chr2:30143000-30143970	0.925	2.830	1.766	3.242	12.934	15.869	1.382	7.942	10.338	0.000	3.306	2.408	0.880	1.462	0.850	1.861	4.901	6.709	1.091	4.842	5.557
chr2:30144020-30144315	0.923	3.155	0.881	1.618	13.344	25.698	2.997	3.121	11.875	0.000	2.268	3.585	0.000	1.070	2.884	0.948	8.582	5.693	0.928	5.967	9.401
chr2:30144425-30144775	1.792	0.888	2.867	1.200	0.970	2.723	0.860	1.893	4.943	0.000	1.520	1.803	1.256	1.685	2.753	1.580	3.089	2.180	0.620	2.623	3.997
chr2:30145365-30145735	0.000	0.000	1.243	5.130	5.007	0.963	1.839	1.464	1.304	1.548	1.166	1.548	0.620	3.536	2.838	0.822	3.924	1.136	0.992	1.987	2.994
chr2:30146060-30146290	0.000	1.172	0.974	1.459	0.864	0.887	0.886	1.131	0.000	2.740	0.677	0.000	0.879	0.000	2.232	0.826	2.468	1.479	0.200	0.973	2.112
chr3:119495465-119495615	0.886	0.948	2.000	2.680	2.020	1.445	4.264	1.547	0.662	0.941	0.000	2.272	0.000	1.646	0.000	0.000	0.968	0.886	0.500	1.000	0.000
chr3:119495740-119495890	0.425	1.788	0.740	1.767	1.900	0.000	1.000	0.000	1.060	0.677	0.000	1.347	1.353	0.692	0.000	0.918	1.527	1.867	2.307	0.833	0.809
chr3:119500476-119500710	1.188	3.745	0.905	4.009	2.075	2.115	3.765	3.160	1.491	1.435	2.125	1.103	2.687	4.269	0.960	0.000	1.758	0.000	0.889	1.459	3.854
chr3:119500820-119500970	0.790	0.840	2.035	1.253	3.829	1.607	1.080	1.616	1.381	3.376	0.400	2.264	2.261	6.828	0.000	1.422	0.000	0.000	1.909	0.933	0.997
chr3:119502126-119502434	1.187	1.186	1.283	1.124	0.890	0.919	2.519	6.510	2.157	1.940	1.446	2.321	2.201	7.741	2.890	0.837	0.000	1.156	0.000	1.580	1.778
chr3:119502860-119503030	0.931	0.929	2.811	1.966	4.127	0.956	0.871	1.694	1.053	2.711	1.703	1.213	1.029	8.094	2.954	0.000	2.392	1.291	0.969	1.000	2.256
chr3:151101784-151101795	5.920	4.000	21.040	1.520	2.160	1.600	0.160	2.520	0.000	1.000	0.400	2.440	0.000	0.000	1.000	0.000	6.560	6.520	2.000	6.680	11.760
chr3:151101800-151102075	6.073	8.225	19.989	0.000	1.055	1.428	0.905	2.018	0.000	0.840	0.925	1.980	0.840	3.298	0.747	1.313	8.047	5.229	3.065	6.825	13.098
chr3:151102500-151102910	11.972	7.498	16.383	3.498	2.378	1.394	0.970	1.263	0.640	1.748	1.561	0.000	0.884	1.795	2.030	1.227	1.708	0.000	1.593	8.272	7.564
chr3:151103925-151104150	2.071	2.858	0.000	6.351	1.680	0.832	0.000	0.840	0.000	0.000	1.610	1.611	0.000	1.329	2.071	2.222	0.910	0.951	1.297	6.151	2.373
chr3:152552202-152552290	3.911	9.259	21.971	1.083	3.034	13.304	0.785	2.216	1.720	1.385	20.277	10.543	32.726	7.225	43.128	11.339	9.135	21.043	0.000	2.590	4.944
chr3:152552325-152553415	13.589	4.885	42.648	14.530	7.279	30.500	1.852	5.505	44.119	5.224	10.615	68.599	78.678	4.452	56.922	18.637	3.081	66.796	2.815	3.695	57.807
chr3:152553420-152554155	2.673	5.175	22.689	7.354	7.587	35.838	1.674	3.389	7.832	3.110	14.899	34.392	31.218	14.309	67.438	3.063	12.949	43.374	2.528	4.987	37.444
chr3:38690024-38690235	0.160	1.495	3.057	3.141	19.502	8.802	11.121	9.482	160.144	0.848	14.470	14.377	1.880	2.431	1.002	0.923	1.607	2.371	0.000	2.673	4.134
chr3:38690265-38690515	0.897	2.757	4.693	6.330	7.906	27.924	13.546	6.883	204.435	7.173	26.203	30.834	1.962	3.615	2.320	0.000	2.201	1.894	1.122	5.802	4.442
chr3:38690625-38691015	0.000	2.997	5.245	6.133	5.194	30.401	13.783	1.877	183.451	17.665	7.760	63.041	1.890	2.513	13.551	0.925	2.572	8.921	2.608	7.980	17.133
chr3:38691125-38691450	2.123	1.932	9.505	2.524	9.960	11.871	4.542	4.560	60.606	7.603	8.732	15.575	7.391	3.933	14.200	0.000	4.058	6.446	2.345	3.792	10.357
chr3:38691460-38691950	0.913	4.539	9.862	4.433	17.730	8.736	6.739	13.510	45.400	8.459	29.063	20.667	15.188	33.380	33.543	1.850	12.861	11.792	2.025	7.949	13.600
chr3:38691965-38692202	0.000	1.547	1.345	1.374	5.574	2.000	2.210	3.837	2.907	1.947	6.421	2.300	4.046	5.007	4.326	0.000	2.829	3.454	1.349	1.827	1.835
chr3:38692507-38692715	1.280	3.491	2.567	5.162	13.937	5.820	0.000	7.273	3.022	0.900	10.444	7.466	1.736	5.333	8.851	1.268	4.335	2.173	1.476	5.947	4.521
chr3:38692720-38692995	0.900	3.189	3.392	4.199	6.950	10.965	0.556	4.303	4.106	0.878	8.399	6.928	2.159	4.958	9.183	1.430	3.001	2.200	0.673	3.844	6.498
chr4:100242516-100242670	0.893	1.294	0.890	5.200	7.043	1.326	3.370	0.952	0.000	0.000	0.983	1.000	0.000	0.000	0.480	0.900	0.000	0.000	1.766	10.900	11.149
chr4:100244900-100245150	0.900	1.200	1.764	2.644	1.880	0.867	0.000	0.929	0.000	1.392	0.840	1.508	0.890	0.925	1.400	1.507	1.370	1.216	4.276	3.568	4.496
chr4:100246240-100246470	0.869	0.000	1.104	3.312	1.235	0.000	1.611	1.245	0.000	0.919	0.911	1.020	0.938	0.000	0.975	1.344	1.096	0.747	1.930	6.277	2.065
chr4:55520965-55521228	0.944	0.981	1.435	1.284	0.961	0.948	1.217	1.304	0.000	0.000	2.202	1.538	0.865	6.930	2.009	0.143	0.792	1.674	1.316	0.898	0.875
chr4:55523279-55523855	0.748	1.850	1.646	9.249	7.419	25.818	1.397	1.625	1.516	1.615	9.648	5.568	1.110	1.473	2.566	0.800	5.917	7.657	1.349	5.378	9.218
chr4:55523920-55524355	1.493	3.495	6.535	14.651	2.691	26.596	0.000	4.514	10.176	1.186	18.327	32.139	2.075	4.710	15.636	1.635	6.937	19.411	4.072	4.111	33.519
chr4:55524365-55524515	0.793	3.351	8.651	16.159	3.981	55.941	0.000	6.321	17.277	1.127	24.684	30.820	1.613	8.571	18.845	0.000	9.417	11.629	2.013	5.969	57.741
chr4:55524520-55525935	0.871	3.809	9.002	5.216	5.168	33.114	1.363	3.295	13.009	3.166	13.508	35.973	3.106	6.877	25.642	2.632	13.000	27.322	6.246	4.647	51.486
chr4:89079444-89080779	0.901	5.581	16.252	4.729	11.782	22.284	1.603	4.397	52.409	14.383	14.114	54.358	3.504	8.730	17.176	17.270	8.824	53.239	16.024	5.526	56.210
chr4:89083820-89084155	1.000	1.300	1.621	4.361	12.225	2.763	0.000	3.779	0.925	4.261	15.001	3.737	1.600	1.636	1.778	0.813	1.689	2.525	0.963	9.099	3.762
chr4:89151640-89151790	0.000	2.340	1.875	1.251	1.733	0.993	2.703	3.637	1.578	2.611	14.269	2.013	0.861	4.475	3.079	4.004	0.000	0.900	0.886	5.213	0.882
chr4:89151805-89151955	0.000	1.993	1.867	4.531	0.916	0.440	1.832	4.867	0.533	7.605	22.084	2.481	0.789	3.151	2.131	2.343	0.000	1.780	0.848	6.388	1.627
chr5:148204185-148204410	0.720	2.076	1.992	1.283	1.497	1.636	0.875	5.259	1.609	0.987	1.318	0.000	0.889	2.053	1.612	2.819	4.714	1.906	1.166	5.311	0.000
chr5:148205280-148205870	5.993	9.639	49.542	7.055	9.705	39.059	27.136	12.316	88.950	63.257	30.297	103.889	12.933	18.272	29.137	127.800	9.719	90.636	37.903	12.743	78.361
chr5:148205885-148206275	5.042	2.277	32.522	2.895	3.291	20.300	13.451	5.019	81.636	32.766	7.769	41.962	4.687	7.396	24.109	41.026	2.564	29.561	20.226	2.828	45.812
chr5:148206300-148206535	1.082	9.529	28.134	5.782	13.493	20.827	25.641	9.568	161.117	22.502	26.197	37.475	7.108	10.134	16.290	70.057	3.750	94.038	33.104	9.042	60.389
chr5:148207044-148207375	1.670	5.538	4.964	1.572	2.574	1.465	14.238	14.369	87.731	15.422	40.401	23.278	1.974	2.460	1.778	96.882	3.148	197.827	5.781	5.922	27.859
chr5:148207380-148207675	0.500	3.444	2.900	2.671	2.576	0.894	21.752	9.871	47.564	11.100	22.036	25.774	1.715	5.626	2.246	72.427	1.370	147.593	2.898	6.324	25.789
chr5:148207825-148207844	4.000	5.000	5.640	1.000	2.000	1.000	11.840	2.000	16.000	7.000	21.000	37.360	0.000	0.240	0.000	47.000	1.000	120.000	3.000	3.000	15.800
chr5:148207962-148208090	1.712	5.088	8.614	4.974	3.087	0.911	32.923	7.873	45.932	13.309	31.102	50.798	0.000	0.778	1.567	38.514	1.257	192.459	5.365	5.938	25.829
chr5:148208125-148208197	1.875	8.319	7.176	4.486	2.306	0.947	21.953	7.533	54.401	7.455	29.417	38.613	0.000	1.000	2.472	31.970	0.681	155.608	7.279	4.248	33.850
chr5:74631380-74631615	4.777	4.169	6.711	3.471	10.596	2.683	2.140	7.412	0.958	4.094	8.686	4.308	11.094	24.160	8.511	5.734	9.919	2.404	0.979	8.288	6.008
chr5:74631925-74632535	35.696	8.072	49.870	29.456	10.421	30.402	26.632	7.674	57.787	51.640	19.023	78.748	49.024	13.509	78.473	68.695	17.154	52.710	37.783	9.246	52.315
chr5:74632685-74633095	15.382	0.907	14.357	11.511	3.126	13.335	18.323	2.197	59.103	36.605	4.148	37.194	18.168	3.459	21.013	44.264	2.082	31.309	25.341	1.692	35.046
chr5:74633185-74633895	44.614	1.273	51.735	22.780	3.367	54.950	31.406	2.871	184.135	56.536	4.113	163.977	58.753	2.325	71.959	69.114	0.925	73.913	58.857	2.938	123.602
chr5:74633905-74634350	10.177	2.403	50.660	10.933	9.989	23.384	6.057	7.306	32.019	6.227	10.579	117.655	19.800	6.592	61.844	38.315	6.621	73.738	6.191	4.016	68.467
chr6:160541185-160541490	0.923	1.157	0.900	1.810	1.500	0.941	2.169	1.888	1.679	1.357	0.000	1.741	0.929	0.892	2.485	0.822	0.000	0.830	0.889	2.469	1.963
chr6:18153400-18153535	6.948	6.148	6.825	2.800	10.141	0.982	0.893	5.053	1.067	5.570	21.621	0.818	21.267	42.813	22.513	24.526	23.618	12.190	7.588	13.461	9.393
chr6:18153765-18153930	11.487	13.365	24.019	1.315	6.064	0.994	0.686	9.167	2.818	5.429	16.482	1.528	16.264	47.324	31.730	56.789	40.791	18.204	15.150	12.766	17.669
chr6:18154585-18154641	10.844	5.492	28.397	3.000	5.034	9.345	1.126	2.000	8.831	6.275	25.916	28.597	21.749	10.362	43.844	46.303	6.806	40.388	6.921	5.286	40.560
chr6:18154663-18154875	12.011	4.510	32.148	2.456	3.636	23.537	3.718	2.547	32.658	12.233	22.554	64.911	27.611	7.414	58.165	77.195	4.789	55.972	12.212	9.886	59.883
chr6:18155005-18155415	17.366	1.749	36.344	14.372	3.456	40.685	30.210	1.603	106.979	46.025	3.319	150.796	77.701	3.349	79.318	112.710	0.489	66.840	43.946	1.509	84.203
chr6:18155465-18155735	7.568	0.000	5.937	2.185	0.850	4.626	2.270	0.000	37.716	7.450	0.629	17.855	3.824	0.000	7.665	7.076	0.000	6.571	0.800	0.853	13.215
chr6:18155845-18156630	23.227	3.022	44.360	5.020	4.979	35.232	8.698	6.382	157.682	21.900	16.317	71.454	25.483	8.062	82.975	55.983	6.329	56.508	15.671	6.063	81.820
chr6:31323022-31323075	8.688	12.452	78.022	1.717	2.396	0.750	1.038	0.643	4.094	1.000	2.038	1.320	0.000	1.000	1.000	0.955	1.000	1.887	0.200	10.811	8.414
chr6:31323380-31323715	13.247	3.998	75.744	1.867	8.044	3.118	1.363	2.420	6.279	4.138	5.328	4.056	1.781	2.313	1.858	1.576	8.427	10.532	2.522	18.330	20.934
chr6:31323980-31324675	45.268	1.927	35.969	2.533	5.632	19.636	4.706	2.010	70.101	8.526	7.516	40.131	3.145	2.286	6.965	13.795	3.596	25.659	24.641	2.374	71.006
chr6:31324920-31325215	54.915	3.809	19.372	4.563	3.123	30.692	4.133	3.776	42.117	5.900	4.837	30.687	2.645	7.071	9.266	14.885	2.637	28.654	22.222	3.093	64.312
chr6:31325225-31325375	196.380	4.207	54.767	10.840	10.000	27.140	4.867	9.020	23.853	5.687	27.253	35.807	0.973	3.433	8.147	38.587	16.087	34.713	21.547	5.460	73.480
chr6:31326080-31326490	18.444	6.979	9.496	0.960	4.417	1.742	0.943	0.000	0.000	2.088	2.220	1.703	0.900	3.154	1.533	1.174	2.472	1.955	0.889	3.499	2.655
chr7:117117424-117117655	0.000	0.000	0.856	2.221	3.593	2.238	3.127	1.883	0.000	0.952	0.925	2.378	3.053	2.035	0.000	0.000	0.961	0.938	0.802	1.506	1.542
chr7:117118869-117118935	0.000	1.409	0.000	7.415	8.285	2.712	0.950	0.000	0.989	0.876	3.641	3.659	0.000	1.167	0.000	1.000	0.000	2.247	0.000	2.864	1.000
chr7:117118945-117119255	0.822	1.702	1.600	7.530	8.047	23.381	0.919	1.748	1.816	0.884	2.798	2.843	0.000	1.028	1.022	1.665	3.148	3.255	0.889	3.455	2.652
chr7:117119640-117120055	1.011	0.904	1.387	5.392	4.522	22.580	0.925	0.000	2.006	0.956	5.231	13.702	1.417	0.945	2.406	0.906	8.104	4.796	0.889	1.894	10.065
chr7:117121145-117121370	0.000	0.000	5.602	1.767	6.770	2.020	0.689	1.600	0.000	0.000	1.486	0.900	2.090	1.313	0.800	0.862	0.900	1.093	0.733	1.320	4.431
chr7:140623320-140623775	30.537	2.523	63.653	12.233	9.433	48.254	10.681	10.088	53.105	10.534	19.948	143.593	43.935	12.676	119.880	23.387	7.318	97.237	21.212	4.100	117.445
chr7:140623845-140624635	61.337	0.917	36.971	38.620	1.497	50.944	41.590	1.605	182.351	86.524	2.689	117.495	57.572	1.017	89.869	55.769	1.306	58.485	60.518	3.448	96.822
chr7:140624665-140625155	23.868	3.183	35.088	29.003	2.675	38.109	24.119	2.809	75.962	60.175	8.738	98.903	117.890	2.972	95.371	41.170	4.414	47.963	33.029	3.285	61.897
chr7:140628387-140628550	0.000	2.791	1.304	1.762	2.518	0.000	2.202	0.886	1.399	0.960	1.362	1.000	0.910	7.380	0.785	1.544	13.155	2.441	0.000	1.405	1.491
chr7:150651057-150651355	0.862	2.421	0.815	5.607	2.372	1.329	2.000	1.562	0.928	1.186	0.000	0.000	90.562	16.274	107.803	0.925	1.554	0.000	0.000	0.936	2.338
chr7:150651405-150651975	0.511	1.547	0.826	4.220	5.797	0.280	1.235	4.489	3.638	0.000	1.233	0.889	104.695	17.218	120.622	0.822	0.997	1.897	0.889	0.878	1.415
chr7:150651980-150653915	1.609	1.877	1.425	3.762	13.334	1.969	1.843	6.985	5.405	1.111	1.661	0.840	101.098	23.805	70.161	1.048	1.140	1.334	1.365	2.418	1.916
chr7:150653925-150654107	0.000	0.620	1.476	4.656	2.758	1.071	1.505	0.880	0.747	0.000	0.987	1.638	101.255	60.477	19.383	0.840	0.000	1.429	0.998	0.744	1.977
chr7:150654360-150654435	0.000	0.000	1.000	0.920	4.309	1.680	0.000	0.754	0.000	1.379	1.000	0.000	32.717	33.403	14.760	0.000	0.000	0.000	0.000	0.000	0.000
chr7:150654645-150654917	0.000	0.000	0.642	3.645	9.241	1.115	0.000	0.000	0.000	1.487	4.579	1.948	65.369	28.593	9.324	0.000	2.112	3.501	0.000	0.892	1.479
chr7:150654918-150655215	0.692	0.925	0.898	2.083	8.378	1.560	0.000	0.000	0.000	0.360	3.554	1.721	12.640	12.561	4.408	0.000	3.648	3.852	0.000	0.000	1.259
chr7:150655245-150655635	1.917	0.925	2.825	2.097	9.196	1.600	0.400	0.889	0.889	1.030	1.191	2.593	7.779	5.168	1.666	0.925	3.341	3.089	1.042	0.000	0.978
chr7:150655725-150655955	0.000	0.873	0.838	1.109	1.713	1.426	1.000	0.000	0.000	0.907	1.035	1.000	60.599	35.965	11.800	0.000	2.883	0.960	0.000	2.468	0.771
chr7:150655965-150656115	0.000	0.000	0.776	0.700	1.601	0.873	0.000	0.000	0.000	1.000	1.487	0.900	104.629	68.580	20.679	0.000	0.603	1.548	0.850	0.795	0.982
chr7:150656225-150656330	0.000	0.040	0.600	3.922	4.790	0.975	0.000	0.000	0.300	1.000	0.000	0.909	117.491	68.474	13.571	0.000	1.695	0.713	0.747	0.000	1.038
chr7:150656483-150656695	0.000	0.761	0.854	2.984	0.998	0.845	0.000	0.000	0.548	0.000	0.854	2.392	92.758	48.113	15.446	1.667	0.000	1.266	0.000	1.367	1.274
chr7:150656905-150656917	0.000	1.000	0.000	2.640	1.280	0.920	0.000	2.000	0.000	0.000	1.000	1.000	235.360	104.040	23.040	0.000	1.000	0.000	0.000	2.000	0.000
chr7:150673402-150673415	0.000	2.000	1.000	0.000	12.160	2.000	4.240	3.520	2.560	0.000	7.920	0.000	14.240	37.480	16.600	0.000	0.000	3.000	0.000	2.720	1.000
chr7:150673620-150674995	0.862	2.161	2.106	3.239	22.566	9.610	1.546	6.463	5.643	1.778	1.946	0.919	15.729	40.655	35.439	0.925	1.600	1.780	0.936	0.873	1.465
chr7:150675063-150675975	4.463	6.566	10.174	5.486	6.017	12.938	2.508	8.413	15.953	0.000	8.250	3.004	9.266	13.935	33.388	0.926	2.895	3.861	0.889	2.553	3.232
chr7:150676045-150676670	0.987	4.629	6.025	1.762	6.794	12.080	3.706	6.949	10.106	0.556	5.471	2.600	4.256	13.083	18.566	0.000	2.931	2.423	0.000	2.213	2.805
chr7:150676785-150677218	0.927	3.091	2.322	1.696	17.230	4.311	6.333	10.362	4.703	1.300	1.190	0.993	1.810	25.021	5.313	0.000	1.292	1.750	0.889	2.561	1.234
chr7:150677585-150677775	0.991	2.705	1.405	4.755	17.817	1.916	1.311	7.674	0.813	2.957	0.000	1.669	1.853	5.403	2.047	0.720	1.011	1.342	0.971	1.679	0.856
chr7:150677840-150678035	0.000	1.257	1.744	3.879	5.427	1.677	2.492	1.138	0.888	0.000	1.776	0.000	1.225	4.995	3.526	0.000	1.403	1.374	0.000	0.882	1.956
chr7:17337880-17339115	15.820	2.194	30.701	9.645	4.153	24.270	30.106	3.045	165.868	33.291	6.410	69.074	0.985	0.925	0.864	53.317	3.961	36.856	30.226	3.079	91.213
chr7:17339200-17339730	12.059	4.889	56.535	2.265	4.433	32.818	28.819	3.657	84.736	44.014	7.655	269.790	0.839	0.922	2.053	104.821	1.531	139.123	35.200	1.624	138.517
chr7:17339765-17340070	6.508	3.452	31.487	1.840	4.284	8.839	13.412	2.964	20.036	26.842	11.338	136.371	0.985	0.938	4.062	44.700	1.512	77.959	13.296	2.338	69.320
chr7:55085841-55086295	1.000	0.925	1.555	1.773	11.974	4.448	4.582	8.668	31.329	2.878	12.625	10.697	0.000	0.967	1.072	25.472	22.895	21.830	11.964	13.340	17.597
chr7:55086305-55087435	0.948	2.502	1.473	1.673	3.758	15.938	22.871	3.228	125.551	9.968	7.333	47.555	0.000	0.843	1.051	61.420	6.216	33.003	24.113	1.885	63.906
chr7:55087445-55087835	1.190	1.659	0.914	1.745	5.540	22.779	18.235	3.504	125.865	5.822	10.941	36.159	0.000	0.000	0.000	93.981	0.925	52.129	45.394	2.432	107.534
chr7:55087865-55088570	0.700	1.106	2.187	1.934	8.089	9.212	13.432	8.371	63.061	0.932	10.693	8.575	1.025	0.000	1.157	112.336	2.438	69.377	18.101	3.504	85.606
chr7:55088645-55088724	0.571	1.097	0.689	0.000	3.000	3.944	16.272	7.789	18.228	0.040	3.519	0.922	0.655	0.000	1.992	147.083	0.040	124.885	11.580	7.486	24.440
chr7:55173837-55173910	0.000	2.490	1.000	2.658	5.698	2.143	2.507	21.350	5.826	0.720	3.337	2.687	2.000	2.000	0.700	43.102	25.625	3.551	7.579	15.495	3.757
chr7:55175720-55175955	2.834	3.029	1.209	2.123	4.031	2.126	1.937	8.429	1.040	0.972	0.957	0.000	1.000	2.623	3.400	23.575	23.146	2.418	3.154	14.592	1.751
chr7:55177120-55177450	0.979	4.345	0.827	6.485	6.805	3.072	1.859	12.985	1.182	1.377	0.934	2.804	1.305	2.927	2.182	46.181	10.408	9.962	5.192	15.503	3.285
chr7:55177460-55177470	1.000	2.280	0.920	2.200	6.000	3.360	5.480	7.640	1.000	0.000	0.440	1.000	0.000	3.360	0.000	160.240	29.760	26.440	9.240	9.080	5.520
chr7:55177540-55177721	0.789	0.856	2.124	5.808	15.663	2.649	5.815	19.672	1.891	0.000	1.032	2.112	1.988	2.329	0.802	245.938	41.574	36.295	11.754	19.247	5.622
chr7:55178505-55178655	0.000	5.179	2.576	1.475	8.019	1.547	48.584	28.692	21.635	0.000	2.354	0.000	0.000	2.147	0.752	204.607	43.768	15.768	14.901	9.563	15.768
chr7:55178785-55179145	0.000	8.320	3.181	5.609	6.164	1.117	36.088	11.931	14.196	0.000	1.225	0.757	1.834	1.162	0.985	120.429	22.131	11.821	15.182	8.469	5.834
chr7:87228660-87228975	2.359	6.611	7.717	0.911	2.473	1.409	2.000	0.000	1.448	0.930	3.629	4.522	1.494	1.244	3.246	0.822	0.400	1.181	0.200	2.385	2.561
chr7:87229425-87229975	2.244	9.675	26.891	2.593	8.976	14.973	1.608	4.353	6.115	2.091	16.562	49.809	2.980	1.695	1.305	0.778	8.033	18.625	1.861	5.435	25.951
chr7:87229980-87230075	2.059	8.916	31.282	5.737	18.775	22.053	0.987	5.775	7.895	7.389	33.116	109.044	2.600	5.048	2.324	1.000	12.442	30.099	1.421	2.025	39.802
chr7:87230100-87230375	0.940	8.211	23.440	1.695	11.564	16.473	1.033	4.855	6.651	4.849	16.095	49.480	1.356	4.182	2.822	0.620	11.000	32.400	0.876	3.411	22.520
chr7:87233599-87233830	0.000	0.000	3.553	1.159	0.000	2.411	0.776	0.000	0.857	2.119	0.872	0.994	0.000	0.000	0.000	1.031	1.304	1.761	0.989	1.126	1.836
chr7:87341920-87342170	0.911	0.000	1.620	1.179	2.143	1.625	0.000	2.084	0.000	27.838	4.123	39.150	0.000	0.000	2.927	2.032	7.590	1.451	0.901	1.422	0.917
chr7:87345005-87345154	0.560	0.000	3.304	3.309	0.995	1.648	1.587	0.899	0.000	0.913	1.737	0.000	4.530	2.091	1.160	0.917	0.989	1.000	0.747	1.977	2.397
chr7:99275619-99275756	0.000	0.000	1.989	2.912	2.088	0.000	0.000	0.742	0.989	1.841	0.000	1.380	2.526	17.614	2.949	0.993	5.135	1.533	0.581	1.612	5.033
chr7:99276700-99276990	1.544	1.941	1.419	3.117	8.930	1.381	2.897	4.193	1.308	0.000	3.279	1.054	17.682	38.113	28.939	13.336	22.328	11.556	6.517	5.463	12.315
chr7:99277005-99277130	0.974	1.000	1.125	2.997	4.520	0.973	2.085	4.376	2.341	0.000	2.806	1.608	37.950	52.939	44.366	9.736	16.688	18.048	6.987	3.606	6.293
chr7:99277165-99277315	0.686	0.800	2.769	3.143	3.036	2.139	1.595	2.768	1.533	0.989	0.850	0.936	27.443	53.224	43.035	7.224	11.785	10.233	2.475	6.848	15.540
chr7:99277520-99277775	0.893	0.992	1.248	2.049	2.128	1.153	0.735	2.369	0.000	2.661	2.486	1.576	11.373	29.385	20.926	6.835	7.190	4.045	2.227	5.560	4.139
chr7:99380005-99380235	0.925	2.439	1.673	3.850	13.896	3.596	0.873	0.966	0.000	0.864	1.293	1.046	5.466	5.870	2.774	1.148	4.603	1.139	5.195	0.864	2.383
chr7:99380260-99380267	0.000	2.000	1.000	6.000	10.280	5.160	1.000	2.000	0.000	1.000	0.000	0.000	4.000	7.240	5.000	1.000	4.800	1.640	0.000	1.000	2.880
chr7:99384440-99384650	0.995	2.852	3.424	5.110	0.951	0.743	2.156	4.537	0.924	1.827	3.495	1.533	2.000	5.495	3.719	4.511	35.372	5.125	2.419	1.564	1.376
chr8:18244754-18245050	0.000	2.247	4.243	21.466	10.655	22.274	0.904	2.118	19.271	13.702	10.586	30.720	1.321	1.487	3.726	0.764	4.169	14.786	2.233	4.469	18.529
chr8:18245120-18245271	0.000	0.905	3.370	7.150	11.991	8.420	1.988	0.000	8.180	10.638	20.457	21.420	0.867	1.318	4.626	0.662	2.909	4.246	0.886	4.001	12.313
chr8:18246545-18246655	0.000	1.191	2.644	1.909	1.291	2.796	0.909	1.938	0.000	0.000	0.300	2.591	0.973	1.000	0.000	1.967	0.000	1.182	1.629	0.976	1.620
chr8:18247399-18247850	0.000	1.240	3.128	5.238	1.258	0.781	1.786	1.067	1.644	0.000	0.925	3.360	3.256	0.977	1.815	2.243	6.681	1.330	0.000	0.000	1.777
chr8:18248640-18248850	0.873	0.620	1.467	6.031	2.643	0.794	1.024	0.935	1.571	1.840	2.464	1.500	0.910	0.948	0.788	0.640	1.147	0.950	1.507	0.000	2.869
chr9:133587905-133588255	24.658	1.006	13.370	28.653	2.400	15.962	31.653	1.304	47.289	49.339	6.059	26.161	41.778	2.719	26.566	35.242	3.497	18.437	41.059	2.814	19.350
chr9:133588280-133588495	76.481	0.686	27.155	70.630	1.749	35.219	81.353	1.712	147.348	109.098	1.819	57.146	95.554	0.000	46.020	70.233	0.000	34.536	88.357	0.000	52.093
chr9:133588580-133589695	20.547	4.924	45.169	10.152	8.525	36.752	27.640	5.638	95.928	51.502	11.998	101.634	21.090	5.731	50.322	27.482	4.916	53.766	53.667	4.618	83.485
chr9:133589985-133590162	4.110	3.920	24.669	3.059	7.356	7.814	10.986	4.655	23.561	14.179	10.169	106.239	9.398	10.782	38.528	5.367	8.308	37.706	28.960	5.647	49.356
chr9:133590417-133590475	2.393	6.540	42.029	4.548	7.463	6.019	13.468	7.331	36.304	23.532	15.553	117.339	13.823	8.534	44.898	3.194	10.103	39.619	36.276	4.017	79.759
chr9:133590485-133590635	1.224	5.684	40.487	6.425	8.351	5.481	17.347	6.121	33.936	16.944	14.548	91.627	12.843	9.461	49.004	3.556	8.503	37.999	30.653	1.600	66.832
chr9:133590760-133591267	4.959	6.929	20.031	4.402	10.532	5.380	10.132	2.453	21.041	12.695	14.152	71.977	4.542	8.498	34.479	7.951	13.141	33.716	18.765	6.735	53.996
chr9:133708607-133708635	1.000	2.086	2.143	1.360	1.463	2.000	4.540	13.143	1.000	3.886	13.529	1.186	2.914	1.609	12.283	0.000	3.777	1.000	2.000	5.406	5.691
chr9:133708705-133709421	1.381	3.919	3.746	5.193	6.071	1.859	18.181	20.313	3.732	32.526	67.316	8.193	10.780	8.381	10.439	2.090	12.885	3.719	11.339	16.425	6.404
chr9:133709731-133710715	34.664	6.623	29.511	17.099	13.226	20.448	66.126	9.920	62.879	110.062	19.744	38.673	6.994	9.399	16.061	41.206	9.993	25.945	48.128	10.997	25.113
chr9:133710820-133711055	35.740	0.921	25.555	21.342	1.362	41.111	107.054	0.000	218.889	126.358	1.702	85.866	24.445	3.184	27.414	52.854	1.247	53.597	98.417	1.243	80.448
chr9:133711080-133711688	25.148	4.036	40.801	20.433	3.536	43.532	86.946	1.499	159.946	120.375	6.085	234.025	17.398	18.908	39.049	42.602	8.319	83.326	106.694	1.222	127.318
chr9:133712305-133712570	9.125	8.238	11.953	8.883	17.008	7.910	42.703	4.019	56.078	53.936	23.524	126.085	18.561	25.602	11.553	6.971	17.996	15.942	88.016	9.850	81.407
chr9:133712625-133712641	5.600	7.440	10.360	6.040	12.000	8.080	41.360	9.920	34.640	31.560	25.320	88.960	13.360	28.440	15.520	7.080	23.400	12.160	57.120	7.000	56.760
chr9:75566233-75566310	0.000	2.000	0.000	3.145	0.910	2.000	44.753	5.803	40.081	23.682	7.231	49.117	5.766	9.751	6.019	0.000	0.000	0.000	1.008	4.156	9.420
chr9:75566640-75566930	0.925	2.689	1.613	4.593	2.575	1.766	50.389	5.683	33.925	26.050	14.248	66.153	8.497	6.853	11.877	0.000	1.259	2.119	4.483	3.854	6.857
chr9:75567880-75568170	0.967	4.745	6.045	2.772	5.410	0.973	21.648	4.131	37.126	11.085	9.599	54.072	2.400	16.163	16.217	0.883	9.434	3.726	0.739	1.936	14.719
chr9:75569520-75569830	0.964	2.467	1.877	2.181	3.081	0.873	13.369	8.142	6.106	3.271	1.731	1.319	0.800	6.714	2.881	0.857	1.050	0.906	2.774	2.639	6.393
chr9:75570020-75570233	0.930	0.872	1.185	2.089	1.596	0.367	6.966	11.397	1.700	0.938	0.948	0.914	0.957	5.780	0.956	0.000	1.189	0.545	1.279	2.606	2.701
chr9:75570234-75570282	0.902	0.938	1.167	2.271	0.488	0.000	7.828	15.969	1.000	0.720	0.000	0.000	1.000	2.626	0.000	0.280	2.000	1.000	1.354	3.625	3.937
chrX:153773205-153773355	1.516	4.349	4.193	0.882	0.280	1.440	2.479	3.567	1.872	2.568	4.071	1.568	15.869	18.164	11.675	1.771	6.737	0.511	2.375	6.772	6.137
chrX:153774225-153774435	1.346	5.687	16.576	1.348	9.676	8.869	2.607	6.748	22.659	4.681	17.944	20.719	18.682	13.739	42.291	3.662	19.160	8.853	5.571	5.948	26.781
chrX:153774445-153775315	12.457	5.556	20.561	6.637	5.140	19.474	4.580	2.350	60.303	17.853	10.899	38.273	45.469	9.796	42.078	14.123	6.483	25.197	11.976	2.180	44.297
chrX:153775405-153776655	38.444	1.306	37.594	9.849	3.154	29.352	32.188	2.834	101.000	47.402	8.800	89.615	96.498	4.339	61.206	53.131	4.372	53.487	51.035	1.977	66.777
chrX:153778053-153778290	7.135	3.427	3.558	1.691	0.931	0.845	2.321	1.608	1.797	4.781	4.545	0.000	6.844	11.687	17.870	2.802	8.313	1.975	2.679	2.624	4.705
