chr1:2562481-2563340	859	694	636	0.740396	0.916427
chr1:2563997-2564227	230	0	0	0	0
chr1:2568240-2568481	241	60	42	0.174274	0.7
chr1:11862320-11863930	1610	1610	48931.4	30.3922	30.3922
chr1:11864545-11866955	2410	2360	58034.2	24.0806	24.5908
chr1:60392005-60392685	680	680	6626.6	9.745	9.745
chr1:67628665-67629430	765	710	2737	3.57778	3.85493
chr1:67631420-67632155	735	0	0	0	0
chr1:98384620-98387175	2555	2430	26268.2	10.2811	10.81
chr1:114413440-114413670	230	230	441.2	1.91826	1.91826
chr1:114414225-114415494	1269	1269	21850.7	17.2188	17.2188
chr1:114416680-114417755	1075	1075	15173.8	14.1152	14.1152
chr1:115258640-115259850	1210	1160	18307.8	15.1304	15.7826
chr1:115261778-115262015	237	165	268	1.1308	1.62424
chr1:115263265-115263415	150	150	266.4	1.776	1.776
chr1:161471204-161471310	106	106	372	3.50943	3.50943
chr1:161471925-161472130	205	55	42	0.204878	0.763636
chr1:161472805-161473130	325	325	634	1.95077	1.95077
chr1:161475005-161475581	576	576	3511.44	6.09625	6.09625
chr1:161476360-161477010	650	650	18786.2	28.9018	28.9018
chr1:169553842-169554690	848	708	1111.28	1.31047	1.5696
chr1:169555500-169556055	555	555	6066	10.9297	10.9297
chr1:169557445-169557730	285	0	0	0	0
chr1:169558400-169558630	230	225	596	2.5913	2.64889
chr1:173174425-173175230	805	805	14618.8	18.16	18.16
chr1:173175960-173176811	851	851	15586.6	18.3156	18.3156
chr1:173179420-173180190	770	770	11720.8	15.2218	15.2218
chr1:186649080-186650267	1187	1137	5520.32	4.65065	4.85516
chr1:186650960-186651235	275	275	4175.4	15.1833	15.1833
chr1:186651879-186652170	291	291	4342.04	14.9211	14.9211
chr1:201080005-201080087	82	82	74	0.902439	0.902439
chr1:201080721-201081201	480	154	139	0.289583	0.902597
chr1:201083097-201084671	1574	1524	10435	6.62961	6.84711
chr1:206943865-206944935	1070	575	740	0.691589	1.28696
chr1:206945620-206946010	390	210	364	0.933333	1.73333
chr1:206946705-206946707	2	0	0	0	0
chr1:206947500-206947895	395	395	611	1.54684	1.54684
chr1:206949625-206949839	214	150	272	1.27103	1.81333
chr10:6102760-6102930	170	80	99	0.582353	1.2375
chr10:6103928-6104648	720	495	982.36	1.36439	1.98457
chr10:6107880-6108165	285	285	777	2.72632	2.72632
chr10:8092666-8098666	6000	5900	68695.2	11.4492	11.6433
chr10:45865754-45865917	163	138	119.92	0.735706	0.868986
chr10:45867080-45867368	288	270	406	1.40972	1.5037
chr10:45868585-45871613	3028	2628	19367.4	6.3961	7.36963
chr10:49889840-49890095	255	245	238	0.933333	0.971429
chr10:49891965-49894190	2225	1650	1589.2	0.714247	0.963152
chr10:64131645-64131821	176	121	109	0.619318	0.900826
chr10:64133373-64134315	942	942	9970.12	10.584	10.584
chr10:64134825-64135115	290	290	5405.2	18.6386	18.6386
chr10:96696561-96696750	189	189	172	0.910053	0.910053
chr10:101288689-101294689	6000	5550	26860.5	4.47675	4.83973
chr10:115802404-115805890	3486	3236	32052.6	9.19468	9.90502
chr10:135337100-135338059	959	375	675	0.703858	1.8
chr10:135341200-135341873	673	498	1199	1.78158	2.40763
chr10:135342471-135342866	395	370	707	1.78987	1.91081
chr11:17407485-17407715	230	140	309	1.34348	2.20714
chr11:17408225-17408475	250	225	429	1.716	1.90667
chr11:17410225-17411591	1366	1316	10865	7.95388	8.25608
chr11:17413085-17413432	347	72	66.16	0.190663	0.918889
chr11:67347065-67347755	690	690	8702	12.6116	12.6116
chr11:67348885-67349295	410	240	264	0.643902	1.1
chr11:67349985-67350375	390	390	1841.4	4.72154	4.72154
chr11:67350900-67353065	2165	2165	38786	17.915	17.915
chr11:113344860-113346235	1375	1225	6197	4.50691	5.05878
chr11:113348098-113348522	424	327	368	0.867925	1.12538
chr11:128390346-128394370	4024	3799	83132.2	20.6591	21.8827
chr11:128395320-128395918	598	598	11034.3	18.452	18.452
chr11:128455520-128456105	585	585	3477	5.94359	5.94359
chr11:128457240-128457710	470	470	6443	13.7085	13.7085
chr12:21281700-21281850	150	150	150	1	1
chr12:21282412-21282515	103	103	148	1.43689	1.43689
chr12:25402773-25404907	2134	1609	18083.8	8.47411	11.2391
chr12:25405643-25407595	1952	1302	3407	1.74539	2.61674
chr12:48296940-48299775	2835	2760	62185.2	21.9348	22.5309
chr12:48301902-48302315	413	148	278	0.673123	1.87838
chr12:111840720-111845751	5031	4656	80462.7	15.9934	17.2815
chr12:111868665-111869095	430	430	11119.6	25.8595	25.8595
chr12:111869640-111870659	1019	1019	20711.9	20.3257	20.3257
chr12:111872020-111874084	2064	2064	87799.6	42.5386	42.5386
chr15:67354385-67360194	5809	5344	35193.5	6.05845	6.58561
chr15:67414053-67414375	322	322	16736	51.9752	51.9752
chr15:67416545-67420035	3490	3490	171539	49.1516	49.1516
chr15:67426358-67428130	1772	1772	98711	55.706	55.706
chr15:67429107-67432050	2943	2943	109248	37.1214	37.1214
chr15:67454492-67455155	663	663	8617.36	12.9975	12.9975
chr15:67457073-67459055	1982	1982	92717.5	46.7798	46.7798
chr15:67460143-67460370	227	227	4393.52	19.3547	19.3547
chr15:75040961-75041231	270	0	0	0	0
chr15:75043132-75043185	53	53	118.96	2.24453	2.24453
chr16:11034365-11038941	4576	4226	68088	14.8794	16.1117
chr16:11039540-11040344	804	804	12415	15.4415	15.4415
chr16:28620605-28622369	1764	1670	5605	3.17744	3.35629
chr16:28633160-28635075	1915	1665	7174.2	3.74632	4.30883
chr16:31104420-31107430	3010	3010	30916	10.2711	10.2711
chr16:31271140-31271395	255	230	348.6	1.36706	1.51565
chr16:50727049-50728497	1448	1076	2406.4	1.66188	2.23643
chr16:50729605-50732559	2954	2734	5436	1.84022	1.9883
chr16:50733620-50734015	395	270	247	0.625316	0.914815
chr16:69758794-69762095	3301	3301	83866.9	25.4065	25.4065
chr16:85931005-85931310	305	305	528	1.73115	1.73115
chr16:85932065-85934355	2290	2190	15056	6.57467	6.87489
chr16:85935525-85938035	2510	1660	2499.2	0.995697	1.50554
chr17:37843185-37845775	2590	2540	44767	17.2846	17.6248
chr17:37852400-37852655	255	80	68	0.266667	0.85
chr17:37855185-37858105	2920	2920	22159.8	7.58897	7.58897
chr17:37932620-37932830	210	0	0	0	0
chr17:37933893-37934615	722	282	483	0.668975	1.71277
chr17:37937320-37937595	275	275	2144.6	7.79855	7.79855
chr17:38019805-38021955	2150	2000	8754.8	4.072	4.3774
chr17:38023166-38024441	1275	791	1214.88	0.952847	1.53588
chr17:38071905-38072295	390	390	648	1.66154	1.66154
chr17:38072820-38073590	770	250	555	0.720779	2.22
chr17:38074105-38078647	4542	2220	3500	0.770586	1.57658
chr17:38081125-38086315	5190	4965	174300	33.5838	35.1057
chr17:40538769-40541315	2546	2546	39136.6	15.3718	15.3718
chr17:40541932-40542235	303	303	980.8	3.23696	3.23696
chr17:41276480-41278662	2182	2182	32910.8	15.0829	15.0829
chr17:41279480-41279710	230	160	160	0.695652	1
chr17:41280980-41281475	495	495	16630.4	33.5968	33.5968
chr17:61551560-61552170	610	610	15911.6	26.0846	26.0846
chr17:61553052-61555504	2452	2452	31368	12.7928	12.7928
chr17:61556025-61556421	396	396	11517.5	29.0846	29.0846
chr17:61558177-61558616	439	348	529.32	1.20574	1.52103
chr17:61559672-61560163	491	463	1021.4	2.08024	2.20605
chr17:61561209-61561335	126	126	252	2	2
chr17:61562065-61562715	650	500	558	0.858462	1.116
chr17:61563565-61563573	8	8	16	2	2
chr18:653601-653831	230	149	270	1.17391	1.81208
chr18:656840-659282	2442	2442	24868.2	10.1835	10.1835
chr18:12839020-12840271	1251	1226	2735	2.18625	2.23083
chr18:12841080-12841270	190	190	200.4	1.05474	1.05474
chr18:12842989-12843868	879	654	1027	1.16837	1.57034
chr18:12882525-12884782	2257	2057	20516.3	9.09008	9.9739
chr18:12885545-12885995	450	450	1313.6	2.91911	2.91911
chr18:12886560-12886830	270	270	1266.8	4.69185	4.69185
chr19:10490501-10491815	1314	1214	22554.6	17.1648	18.5787
chr19:16008825-16009160	335	35	24	0.0716418	0.685714
chr19:38920339-38920455	116	105	82	0.706897	0.780952
chr19:38922025-38922048	23	23	23	1	1
chr19:38924020-38924607	587	462	1462	2.49063	3.1645
chr19:38925220-38925675	455	375	613	1.34725	1.63467
chr19:41354371-41355222	851	804	2149	2.52526	2.67289
chr19:41495405-41495742	337	337	644.12	1.91134	1.91134
chr19:41497540-41497790	250	0	0	0	0
chr2:29446665-29447621	956	956	3710.4	3.88117	3.88117
chr2:29448725-29449675	950	800	1288	1.35579	1.61
chr2:30142920-30144775	1855	1705	5183	2.79407	3.03988
chr2:30145365-30146290	925	510	481	0.52	0.943137
chr2:61106980-61110629	3649	3374	25080.2	6.87316	7.43336
chr2:65592365-65592930	565	565	1379	2.44071	2.44071
chr2:65593765-65595015	1250	1250	48234	38.5872	38.5872
chr2:65595720-65595870	150	50	45.4	0.302667	0.908
chr2:65597760-65597931	171	81	79	0.461988	0.975309
chr2:65657656-65660735	3079	3079	29844.4	9.69287	9.69287
chr2:65661725-65663656	1931	1931	19837.9	10.2734	10.2734
chr2:163173194-163175915	2721	2696	29496.2	10.8402	10.9407
chr2:163176426-163176755	329	329	642.36	1.95246	1.95246
chr2:192014980-192015910	930	930	16509.4	17.752	17.752
chr2:192017573-192017938	365	365	3342.4	9.15726	9.15726
chr2:234156420-234156891	471	471	7060.48	14.9904	14.9904
chr2:234157700-234158003	303	300	615	2.0297	2.05
chr2:234159049-234159595	546	545	2557.6	4.68425	4.69284
chr2:234160120-234162216	2096	1746	24991.2	11.9233	14.3134
chr2:234665243-234665735	492	10	0.8	0.00162602	0.08
chr2:234667540-234667730	190	190	1071.8	5.64105	5.64105
chr2:234668691-234668955	264	0	0	0	0
chr2:234670060-234670375	315	25	2	0.00634921	0.08
chr20:44746405-44748892	2487	2487	32301	12.9879	12.9879
chr20:48183855-48186649	2794	2494	21704	7.76807	8.70249
chr20:48187452-48187682	230	230	822.8	3.57739	3.57739
chr21:46952749-46953025	276	276	8872	32.1449	32.1449
chr21:46955625-46955901	276	276	1865.6	6.75942	6.75942
chr21:46956805-46956987	182	182	668.04	3.67055	3.67055
chr21:46960731-46964278	3547	3347	28040.8	7.90551	8.3779
chr22:19925262-19925950	688	688	9979.36	14.5049	14.5049
chr22:19927925-19931262	3337	3337	98979.9	29.6613	29.6613
chr22:19935265-19935864	599	599	12583	21.0066	21.0066
chr22:19936927-19939555	2628	2578	61050.1	23.2306	23.6812
chr22:19946625-19948035	1410	1410	16580.4	11.7591	11.7591
chr22:19948905-19949055	150	150	243	1.62	1.62
chr22:19949880-19951715	1835	1835	43263.4	23.5768	23.5768
chr22:21918585-21919335	750	615	1213	1.61733	1.97236
chr22:21920905-21924018	3113	2663	27598.6	8.86561	10.3637
chr22:23518551-23519675	1124	849	1212	1.07829	1.42756
chr22:23520660-23523438	2778	2303	70833.6	25.4981	30.7571
chr22:23524499-23524551	52	52	616.84	11.8623	11.8623
chr22:24383879-24384915	1036	1036	9967.56	9.6212	9.6212
chr22:42525357-42525699	342	293	511.64	1.49602	1.74621
chr22:42527653-42527795	142	142	293.24	2.06507	2.06507
chr22:42528485-42528769	284	200	185	0.651408	0.925
chr22:42530185-42530412	227	15	9	0.0396476	0.6
chr3:38690024-38692995	2971	2851	40500.3	13.6319	14.2056
chr3:49724200-49724590	390	390	5990	15.359	15.359
chr3:49725728-49728053	2325	2325	58206.8	25.0352	25.0352
chr3:119495465-119495890	425	0	0	0	0
chr3:119500476-119500970	494	319	580.2	1.17449	1.81881
chr3:119502126-119503030	904	404	624	0.690265	1.54455
chr3:151101784-151102910	1126	826	1045.4	0.928419	1.26562
chr3:151103925-151104150	225	200	322	1.43111	1.61
chr3:152552202-152554155	1953	1953	25186.8	12.8965	12.8965
chr3:187867897-187868075	178	178	287.72	1.6164	1.6164
chr3:187868845-187872708	3863	3563	42224.7	10.9306	11.8509
chr3:187873298-187873515	217	217	2627.96	12.1104	12.1104
chr3:187926720-187926775	55	55	204.2	3.71273	3.71273
chr3:187930160-187930695	535	460	2104	3.93271	4.57391
chr3:187931685-187932543	858	858	2463.76	2.87152	2.87152
chr4:55520965-55521228	263	178	392	1.49049	2.20225
chr4:55523279-55525935	2656	2656	37234.2	14.0189	14.0189
chr4:89079444-89080779	1335	1335	18841.9	14.1138	14.1138
chr4:89083820-89084155	335	335	5025.2	15.0006	15.0006
chr4:89151640-89151955	315	315	5683.4	18.0425	18.0425
chr4:100242516-100242670	154	120	118	0.766234	0.983333
chr4:100244900-100245150	250	125	105	0.42	0.84
chr4:100246240-100246470	230	45	41	0.178261	0.911111
chr5:55527313-55527617	304	242	320	1.05263	1.32231
chr5:55529080-55529330	250	250	510.8	2.0432	2.0432
chr5:74631380-74634350	2970	2420	26979.4	9.08397	11.1485
chr5:96142824-96144235	1411	1411	11172	7.91776	7.91776
chr5:96147289-96147675	386	386	992	2.56995	2.56995
chr5:96148580-96148915	335	20	5.6	0.0167164	0.28
chr5:96151980-96152872	892	892	4825.4	5.40964	5.40964
chr5:131989445-131989772	327	230	470.2	1.43792	2.04435
chr5:131991385-131992855	1470	1465	14900.6	10.1365	10.1711
chr5:131994406-131994635	229	0	0	0	0
chr5:131995559-131995864	305	0	0	0	0
chr5:148204185-148204410	225	110	145	0.644444	1.31818
chr5:148205280-148206535	1255	1255	27703	22.0741	22.0741
chr5:148207044-148208197	1153	1153	32298.8	28.0128	28.0128
chr5:150442805-150443343	538	538	27379	50.8903	50.8903
chr5:150445046-150445075	29	29	33.96	1.17103	1.17103
chr5:150446625-150446758	133	133	134.24	1.00932	1.00932
chr5:150447362-150448692	1330	1330	21642.6	16.2727	16.2727
chr5:150458595-150458775	180	180	8294.4	46.08	46.08
chr5:150459385-150462075	2690	2590	49678.4	18.4678	19.1808
chr5:150462980-150467114	4134	3709	24639.4	5.96018	6.64314
chr5:150470165-150470410	245	245	1372	5.6	5.6
chr5:158757180-158757554	374	245	446	1.19251	1.82041
chr5:158758215-158759315	1100	1100	7524.4	6.84036	6.84036
chr5:158759860-158760639	779	504	583	0.748395	1.15675
chr6:18153400-18153930	530	530	11215.8	21.1619	21.1619
chr6:18154585-18156630	2045	1645	22438.6	10.9724	13.6405
chr6:31238260-31241370	3110	3110	27288.6	8.77447	8.77447
chr6:31323022-31325375	2353	2253	17057	7.24904	7.57079
chr6:31326080-31326490	410	250	555	1.35366	2.22
chr6:32374045-32374195	150	125	176.6	1.17733	1.4128
chr6:32405240-32405575	335	335	413	1.23284	1.23284
chr6:32407240-32409330	2090	1900	3700	1.77033	1.94737
chr6:32557025-32558124	1099	900	2312	2.10373	2.56889
chr6:32601778-32602190	412	0	0	0	0
chr6:32603365-32603655	290	215	197	0.67931	0.916279
chr6:32604445-32606430	1985	655	789	0.397481	1.20458
chr6:32632466-32634635	2169	1235	1904	0.877824	1.5417
chr6:32636165-32636415	250	250	550	2.2	2.2
chr6:32709005-32709595	590	350	740	1.25424	2.11429
chr6:32710280-32710507	227	120	108	0.475771	0.9
chr6:91004627-91008730	4103	3953	27497.9	6.7019	6.95621
chr6:111886585-111890035	3450	3450	155956	45.2046	45.2046
chr6:111925154-111928470	3316	3316	113847	34.3326	34.3326
chr6:138184460-138184790	330	330	1596.2	4.83697	4.83697
chr6:138185465-138190324	4859	3899	52766.7	10.8596	13.5334
chr6:160541185-160541490	305	0	0	0	0
chr6:167521440-167522108	668	433	705	1.05539	1.62818
chr6:167525145-167525415	270	190	176.6	0.654074	0.929474
chr6:167525977-167527294	1317	1042	1706	1.29537	1.63724
chr6:167532240-167532681	441	216	403	0.913832	1.86574
chr6:167533233-167534154	921	667	738.72	0.802085	1.10753
chr6:167534925-167536907	1982	957	1251	0.631181	1.30721
chr6:167537625-167538240	615	40	29.4	0.0478049	0.735
chr7:17337880-17340070	2190	1990	15003.4	6.85087	7.5394
chr7:28218437-28220775	2338	1563	21746.2	9.30118	13.9131
chr7:28221480-28222109	629	534	996	1.58347	1.86517
chr7:28223300-28223530	230	230	1225.2	5.32696	5.32696
chr7:55085841-55088724	2883	2883	27164	9.42213	9.42213
chr7:55173837-55173910	73	73	243.6	3.33699	3.33699
chr7:55175720-55175955	235	235	225	0.957447	0.957447
chr7:55177120-55177721	601	426	405.2	0.67421	0.951174
chr7:55178505-55179145	640	500	1110	1.73437	2.22
chr7:87228660-87230375	1715	1715	20937	12.2082	12.2082
chr7:87233599-87233830	231	156	136	0.588745	0.871795
chr7:87341920-87342170	250	250	1030.8	4.1232	4.1232
chr7:87345005-87345154	149	95	165	1.10738	1.73684
chr7:99275619-99275756	137	0	0	0	0
chr7:99276700-99277775	1075	1050	2358	2.19349	2.24571
chr7:99380005-99380267	262	245	298	1.1374	1.21633
chr7:99384440-99384650	210	210	734	3.49524	3.49524
chr7:117117424-117117655	231	200	185	0.800866	0.925
chr7:117118869-117120055	1186	1186	7221.28	6.08877	6.08877
chr7:117121145-117121370	225	105	156	0.693333	1.48571
chr7:128573125-128573975	850	725	3963	4.66235	5.46621
chr7:128574620-128575455	835	310	273	0.326946	0.880645
chr7:128576325-128581815	5490	4565	25767	4.69344	5.64447
chr7:128694200-128696450	2250	2250	22943	10.1969	10.1969
chr7:140623320-140625155	1835	1685	15620.6	8.51259	9.27039
chr7:140628387-140628550	163	163	222	1.36196	1.36196
chr7:150651057-150656917	5860	4017	6888	1.17543	1.71471
chr7:150673402-150678035	4633	3583	14666.4	3.16563	4.09332
chr8:11347880-11348070	190	190	361.6	1.90316	1.90316
chr8:11348980-11353255	4275	3455	9623.8	2.25118	2.78547
chr8:18244754-18245271	517	517	7478.68	14.4655	14.4655
chr8:18246545-18246655	110	30	9	0.0818182	0.3
chr8:18247399-18247850	451	200	185	0.4102	0.925
chr8:18248640-18248850	210	210	517.4	2.46381	2.46381
chr9:75566233-75566930	697	697	7449.16	10.6875	10.6875
chr9:75567880-75568170	290	290	2783.6	9.59862	9.59862
chr9:75569520-75570282	762	505	713	0.935696	1.41188
chr9:117553520-117554310	790	565	873.6	1.10582	1.54619
chr9:117566408-117567135	727	727	32477.8	44.6738	44.6738
chr9:117567880-117569049	1169	1169	36497.6	31.2212	31.2212
chr9:133587905-133591267	3362	3237	38784.6	11.5362	11.9817
chr9:133708607-133711688	3081	2906	92098.4	29.8924	31.6925
chr9:133712305-133712641	336	336	8087.12	24.0688	24.0688
chr9:139266925-139269050	2125	1850	4986	2.34635	2.69514
chr9:139269700-139269895	195	70	68	0.348718	0.971429
chr9:139271080-139271970	890	495	643	0.722472	1.29899
chrX:153773205-153773355	150	150	610.6	4.07067	4.07067
chrX:153774225-153776655	2430	1655	17688.4	7.27918	10.6879
chrX:153778053-153778290	237	237	1077.12	4.54481	4.54481
