chr1:2562481-2563340	859	809	1242.28	1.44619	1.53557
chr1:2563997-2564227	230	130	101	0.43913	0.776923
chr1:2568240-2568481	241	106	160	0.6639	1.50943
chr1:11862320-11863930	1610	1610	17998.8	11.1794	11.1794
chr1:11864545-11866955	2410	2335	23728	9.84564	10.1619
chr1:60392005-60392685	680	680	3006	4.42059	4.42059
chr1:67628665-67629430	765	765	6188.4	8.08941	8.08941
chr1:67631420-67632155	735	380	1189.4	1.61823	3.13
chr1:98384620-98387175	2555	2200	8120	3.17808	3.69091
chr1:114413440-114413670	230	230	1933	8.40435	8.40435
chr1:114414225-114415494	1269	1269	33479.5	26.3826	26.3826
chr1:114416680-114417755	1075	1075	19720.4	18.3446	18.3446
chr1:115258640-115259850	1210	1185	7065.6	5.83934	5.96253
chr1:115261778-115262015	237	72	53	0.223629	0.736111
chr1:115263265-115263415	150	150	370.2	2.468	2.468
chr1:161471204-161471310	106	106	3190.56	30.0996	30.0996
chr1:161471925-161472130	205	205	9046.6	44.1298	44.1298
chr1:161472805-161473130	325	325	4097.2	12.6068	12.6068
chr1:161475005-161475581	576	576	8302.48	14.414	14.414
chr1:161476360-161477010	650	650	10112.4	15.5575	15.5575
chr1:169553842-169554690	848	758	1672	1.9717	2.2058
chr1:169555500-169556055	555	555	3684.6	6.63892	6.63892
chr1:169557445-169557730	285	280	652	2.28772	2.32857
chr1:169558400-169558630	230	230	208	0.904348	0.904348
chr1:173174425-173175230	805	780	2075.6	2.57839	2.66103
chr1:173175960-173176811	851	840	2982	3.50411	3.55
chr1:173179420-173180190	770	370	369	0.479221	0.997297
chr1:186649080-186650267	1187	1012	1576	1.32772	1.55731
chr1:186650960-186651235	275	250	199	0.723636	0.796
chr1:186651879-186652170	291	0	0	0	0
chr1:201080005-201080087	82	82	165.4	2.01707	2.01707
chr1:201080721-201081201	480	180	442.24	0.921333	2.45689
chr1:201083097-201084671	1574	1324	4215.56	2.67825	3.18396
chr1:206943865-206944935	1070	1070	12180.6	11.3837	11.3837
chr1:206945620-206946010	390	390	960.2	2.46205	2.46205
chr1:206946705-206946707	2	0	0	0	0
chr1:206947500-206947895	395	395	1155.2	2.92456	2.92456
chr1:206949625-206949839	214	214	805	3.76168	3.76168
chr10:6102760-6102930	170	170	228.2	1.34235	1.34235
chr10:6103928-6104648	720	595	1404.28	1.95039	2.36013
chr10:6107880-6108165	285	285	1601.8	5.62035	5.62035
chr10:8092666-8098666	6000	3550	12157	2.02617	3.42451
chr10:45865754-45865917	163	163	592.84	3.63706	3.63706
chr10:45867080-45867368	288	288	511.28	1.77528	1.77528
chr10:45868585-45871613	3028	3028	50153.3	16.5632	16.5632
chr10:49889840-49890095	255	10	5.6	0.0219608	0.56
chr10:49891965-49894190	2225	2150	4553	2.04629	2.11767
chr10:64131645-64131821	176	46	28	0.159091	0.608696
chr10:64133373-64134315	942	302	557.88	0.592229	1.84728
chr10:64134825-64135115	290	90	69	0.237931	0.766667
chr10:96696561-96696750	189	0	0	0	0
chr10:101288689-101294689	6000	3575	6660	1.11	1.86294
chr10:115802404-115805890	3486	1486	2430	0.697074	1.63526
chr10:135337100-135338059	959	500	925	0.964546	1.85
chr10:135341200-135341873	673	150	129	0.191679	0.86
chr10:135342471-135342866	395	395	2295	5.81013	5.81013
chr11:17407485-17407715	230	230	1314	5.71304	5.71304
chr11:17408225-17408475	250	250	1727	6.908	6.908
chr11:17410225-17411591	1366	916	5065.96	3.70861	5.53052
chr11:17413085-17413432	347	347	1447.2	4.17061	4.17061
chr11:67347065-67347755	690	690	17789.4	25.7817	25.7817
chr11:67348885-67349295	410	410	3489	8.50976	8.50976
chr11:67349985-67350375	390	390	9702.4	24.8779	24.8779
chr11:67350900-67353065	2165	2115	29638	13.6896	14.0132
chr11:113344860-113346235	1375	1040	2287	1.66327	2.19904
chr11:113348098-113348522	424	324	369.24	0.870849	1.13963
chr11:128390346-128394370	4024	2379	12128	3.01392	5.09794
chr11:128395320-128395918	598	525	925	1.54682	1.7619
chr11:128455520-128456105	585	225	185	0.316239	0.822222
chr11:128457240-128457710	470	285	223	0.474468	0.782456
chr12:21281700-21281850	150	100	79	0.526667	0.79
chr12:21282412-21282515	103	103	242	2.34951	2.34951
chr12:25402773-25404907	2134	1284	12009	5.62748	9.35283
chr12:25405643-25407595	1952	1802	6115.8	3.13309	3.3939
chr12:48296940-48299775	2835	2835	47565.2	16.7778	16.7778
chr12:48301902-48302315	413	413	969.96	2.34857	2.34857
chr12:111840720-111845751	5031	4281	79081.8	15.7189	18.4727
chr12:111868665-111869095	430	430	1739.2	4.04465	4.04465
chr12:111869640-111870659	1019	969	7108.96	6.97641	7.33639
chr12:111872020-111874084	2064	2064	18700	9.0601	9.0601
chr15:67354385-67360194	5809	5809	69858.2	12.0258	12.0258
chr15:67414053-67414375	322	322	4145.16	12.8732	12.8732
chr15:67416545-67420035	3490	3490	61813.4	17.7116	17.7116
chr15:67426358-67428130	1772	1772	8649	4.88093	4.88093
chr15:67429107-67432050	2943	2943	36784	12.4988	12.4988
chr15:67454492-67455155	663	408	1389.28	2.09544	3.4051
chr15:67457073-67459055	1982	1280	2128	1.07366	1.6625
chr15:67460143-67460370	227	127	244	1.07489	1.92126
chr15:75040961-75041231	270	214	575	2.12963	2.68692
chr15:75043132-75043185	53	0	0	0	0
chr16:11034365-11038941	4576	4176	64139.7	14.0165	15.3591
chr16:11039540-11040344	804	804	12392	15.413	15.413
chr16:28620605-28622369	1764	1764	22770	12.9082	12.9082
chr16:28633160-28635075	1915	1390	3466.6	1.81023	2.49396
chr16:31104420-31107430	3010	3010	36758.4	12.2121	12.2121
chr16:31271140-31271395	255	255	3521.6	13.8102	13.8102
chr16:50727049-50728497	1448	1323	4669.36	3.2247	3.52937
chr16:50729605-50732559	2954	2954	22283.5	7.54351	7.54351
chr16:50733620-50734015	395	395	1016.6	2.57367	2.57367
chr16:69758794-69762095	3301	3301	41405.4	12.5433	12.5433
chr16:85931005-85931310	305	110	89	0.291803	0.809091
chr16:85932065-85934355	2290	1155	1666.4	0.727686	1.44277
chr16:85935525-85938035	2510	1325	2140	0.85259	1.61509
chr17:37843185-37845775	2590	2315	35761.2	13.8074	15.4476
chr17:37852400-37852655	255	155	206	0.807843	1.32903
chr17:37855185-37858105	2920	2630	6714.2	2.29938	2.55293
chr17:37932620-37932830	210	160	438.6	2.08857	2.74125
chr17:37933893-37934615	722	690	2077	2.87673	3.01014
chr17:37937320-37937595	275	225	183	0.665455	0.813333
chr17:38019805-38021955	2150	2150	14932.8	6.94549	6.94549
chr17:38023166-38024441	1275	1050	2220	1.74118	2.11429
chr17:38071905-38072295	390	390	1174.2	3.01077	3.01077
chr17:38072820-38073590	770	770	5391	7.0013	7.0013
chr17:38074105-38078647	4542	4445	28220	6.21312	6.34871
chr17:38081125-38086315	5190	4865	81366.6	15.6776	16.7249
chr17:40538769-40541315	2546	2196	23283.8	9.14523	10.6028
chr17:40541932-40542235	303	303	8766.6	28.9327	28.9327
chr17:41276480-41278662	2182	2007	14419.7	6.60847	7.18469
chr17:41279480-41279710	230	230	489.8	2.12957	2.12957
chr17:41280980-41281475	495	495	2243.4	4.53212	4.53212
chr17:61551560-61552170	610	610	8261.2	13.543	13.543
chr17:61553052-61555504	2452	2427	22651.1	9.2378	9.33295
chr17:61556025-61556421	396	396	8033.52	20.2867	20.2867
chr17:61558177-61558616	439	439	1360	3.09795	3.09795
chr17:61559672-61560163	491	316	604.32	1.23079	1.91241
chr17:61561209-61561335	126	126	250.6	1.98889	1.98889
chr17:61562065-61562715	650	650	3439.2	5.29108	5.29108
chr17:61563565-61563573	8	8	32	4	4
chr18:653601-653831	230	230	2020.4	8.78435	8.78435
chr18:656840-659282	2442	2042	20800.7	8.5179	10.1864
chr18:12839020-12840271	1251	1251	15290.2	12.2224	12.2224
chr18:12841080-12841270	190	190	661	3.47895	3.47895
chr18:12842989-12843868	879	879	23389.5	26.6092	26.6092
chr18:12882525-12884782	2257	1832	13763.4	6.09808	7.51275
chr18:12885545-12885995	450	450	9046.8	20.104	20.104
chr18:12886560-12886830	270	270	2022.8	7.49185	7.49185
chr19:10490501-10491815	1314	814	7935.24	6.039	9.74845
chr19:16008825-16009160	335	335	1407.2	4.2006	4.2006
chr19:38920339-38920455	116	116	827.72	7.13552	7.13552
chr19:38922025-38922048	23	23	115	5	5
chr19:38924020-38924607	587	587	5263.72	8.96715	8.96715
chr19:38925220-38925675	455	455	6757.2	14.851	14.851
chr19:41354371-41355222	851	822	3351.96	3.93885	4.07781
chr19:41495405-41495742	337	337	1747.16	5.18445	5.18445
chr19:41497540-41497790	250	250	319	1.276	1.276
chr2:29446665-29447621	956	225	185	0.193515	0.822222
chr2:29448725-29449675	950	650	925	0.973684	1.42308
chr2:30142920-30144775	1855	1250	1849	0.996766	1.4792
chr2:30145365-30146290	925	485	1348.8	1.45816	2.78103
chr2:61106980-61110629	3649	2849	12979.7	3.55705	4.55587
chr2:65592365-65592930	565	565	11085	19.6195	19.6195
chr2:65593765-65595015	1250	1250	39569	31.6552	31.6552
chr2:65595720-65595870	150	150	879.4	5.86267	5.86267
chr2:65597760-65597931	171	171	3479.08	20.3455	20.3455
chr2:65657656-65660735	3079	2354	10917.2	3.54571	4.63774
chr2:65661725-65663656	1931	1831	24377	12.624	13.3135
chr2:163173194-163175915	2721	2571	9045.52	3.32434	3.51829
chr2:163176426-163176755	329	329	584.88	1.77775	1.77775
chr2:192014980-192015910	930	930	4662	5.0129	5.0129
chr2:192017573-192017938	365	365	2289.96	6.27386	6.27386
chr2:234156420-234156891	471	430	834.2	1.77113	1.94
chr2:234157700-234158003	303	303	1899	6.26733	6.26733
chr2:234159049-234159595	546	296	735.16	1.34645	2.48365
chr2:234160120-234162216	2096	1521	11666.5	5.56609	7.6703
chr2:234665243-234665735	492	107	98	0.199187	0.915888
chr2:234667540-234667730	190	0	0	0	0
chr2:234668691-234668955	264	259	466.24	1.76606	1.80015
chr2:234670060-234670375	315	0	0	0	0
chr20:44746405-44748892	2487	2412	10001.4	4.02147	4.14652
chr20:48183855-48186649	2794	2144	4318.64	1.54568	2.01429
chr20:48187452-48187682	230	0	0	0	0
chr21:46952749-46953025	276	201	185.36	0.671594	0.922189
chr21:46955625-46955901	276	225	370	1.34058	1.64444
chr21:46956805-46956987	182	87	68	0.373626	0.781609
chr21:46960731-46964278	3547	2822	21119.7	5.95425	7.48395
chr22:19925262-19925950	688	688	3520.48	5.11698	5.11698
chr22:19927925-19931262	3337	3037	123268	36.9399	40.5889
chr22:19935265-19935864	599	599	22659.5	37.8288	37.8288
chr22:19936927-19939555	2628	2628	17850.2	6.79231	6.79231
chr22:19946625-19948035	1410	1410	85176.4	60.4088	60.4088
chr22:19948905-19949055	150	150	3027.2	20.1813	20.1813
chr22:19949880-19951715	1835	1810	17141.6	9.34147	9.4705
chr22:21918585-21919335	750	750	16230.2	21.6403	21.6403
chr22:21920905-21924018	3113	3113	90127.6	28.952	28.952
chr22:23518551-23519675	1124	1124	106004	94.3098	94.3098
chr22:23520660-23523438	2778	2678	236373	85.0876	88.2649
chr22:23524499-23524551	52	52	11429	219.788	219.788
chr22:24383879-24384915	1036	986	13229.8	12.7701	13.4177
chr22:42525357-42525699	342	342	822.84	2.40596	2.40596
chr22:42527653-42527795	142	142	142	1	1
chr22:42528485-42528769	284	0	0	0	0
chr22:42530185-42530412	227	227	1157.08	5.09727	5.09727
chr3:38690024-38692995	2971	2846	25069	8.4379	8.8085
chr3:49724200-49724590	390	390	534.2	1.36974	1.36974
chr3:49725728-49728053	2325	2325	101777	43.7749	43.7749
chr3:119495465-119495890	425	200	267.2	0.628706	1.336
chr3:119500476-119500970	494	494	2743.08	5.55279	5.55279
chr3:119502126-119503030	904	904	9196.4	10.173	10.173
chr3:151101784-151102910	1126	785	1703	1.51243	2.16943
chr3:151103925-151104150	225	225	299	1.32889	1.32889
chr3:152552202-152554155	1953	1453	11949	6.11828	8.22368
chr3:187867897-187868075	178	128	127	0.713483	0.992187
chr3:187868845-187872708	3863	2763	4074.84	1.05484	1.47479
chr3:187873298-187873515	217	192	151.4	0.697696	0.788542
chr3:187926720-187926775	55	0	0	0	0
chr3:187930160-187930695	535	265	221	0.413084	0.833962
chr3:187931685-187932543	858	683	1443	1.68182	2.11274
chr4:55520965-55521228	263	263	1822.64	6.93019	6.93019
chr4:55523279-55525935	2656	2456	13828.7	5.2066	5.63059
chr4:89079444-89080779	1335	1335	11654.4	8.72992	8.72992
chr4:89083820-89084155	335	335	548.2	1.63642	1.63642
chr4:89151640-89151955	315	315	1228.6	3.90032	3.90032
chr4:100242516-100242670	154	0	0	0	0
chr4:100244900-100245150	250	200	185	0.74	0.925
chr4:100246240-100246470	230	0	0	0	0
chr5:55527313-55527617	304	304	1012.44	3.33039	3.33039
chr5:55529080-55529330	250	250	2467.6	9.8704	9.8704
chr5:74631380-74634350	2970	2445	22036.4	7.41966	9.01284
chr5:96142824-96144235	1411	1136	6744.96	4.78027	5.93746
chr5:96147289-96147675	386	386	4825.44	12.5011	12.5011
chr5:96148580-96148915	335	335	8296	24.7642	24.7642
chr5:96151980-96152872	892	892	9993.84	11.2039	11.2039
chr5:131989445-131989772	327	327	6557.12	20.0524	20.0524
chr5:131991385-131992855	1470	805	1095	0.744898	1.36025
chr5:131994406-131994635	229	229	1490	6.50655	6.50655
chr5:131995559-131995864	305	305	1115.88	3.65862	3.65862
chr5:148204185-148204410	225	225	462	2.05333	2.05333
chr5:148205280-148206535	1255	1255	16279	12.9713	12.9713
chr5:148207044-148208197	1153	978	2766.76	2.39962	2.829
chr5:150442805-150443343	538	538	14403.8	26.7729	26.7729
chr5:150445046-150445075	29	29	87	3	3
chr5:150446625-150446758	133	133	1542.92	11.6009	11.6009
chr5:150447362-150448692	1330	1330	3910.32	2.94009	2.94009
chr5:150458595-150458775	180	180	2623.4	14.5744	14.5744
chr5:150459385-150462075	2690	2215	20615.4	7.66372	9.30718
chr5:150462980-150467114	4134	4009	20164.4	4.8777	5.02978
chr5:150470165-150470410	245	245	1995.8	8.14612	8.14612
chr5:158757180-158757554	374	354	953	2.54813	2.69209
chr5:158758215-158759315	1100	835	4974.6	4.52236	5.9576
chr5:158759860-158760639	779	704	2514.2	3.22747	3.57131
chr6:18153400-18153930	530	530	24153.4	45.5725	45.5725
chr6:18154585-18156630	2045	1420	9851.2	4.81721	6.93746
chr6:31238260-31241370	3110	2645	10101	3.24791	3.8189
chr6:31323022-31325375	2353	2128	6843	2.9082	3.2157
chr6:31326080-31326490	410	310	977.8	2.38488	3.15419
chr6:32374045-32374195	150	150	480	3.2	3.2
chr6:32405240-32405575	335	200	185	0.552239	0.925
chr6:32407240-32409330	2090	1640	2366	1.13206	1.44268
chr6:32557025-32558124	1099	799	1683	1.53139	2.10638
chr6:32601778-32602190	412	200	185	0.449029	0.925
chr6:32603365-32603655	290	160	367	1.26552	2.29375
chr6:32604445-32606430	1985	325	555	0.279597	1.70769
chr6:32632466-32634635	2169	1535	2588.8	1.19355	1.68651
chr6:32636165-32636415	250	0	0	0	0
chr6:32709005-32709595	590	440	604	1.02373	1.37273
chr6:32710280-32710507	227	227	425.28	1.87348	1.87348
chr6:91004627-91008730	4103	3553	28868.8	7.03602	8.12519
chr6:111886585-111890035	3450	3375	26644.6	7.72307	7.8947
chr6:111925154-111928470	3316	3316	39885.8	12.0283	12.0283
chr6:138184460-138184790	330	330	7535.8	22.8358	22.8358
chr6:138185465-138190324	4859	4734	148010	30.461	31.2653
chr6:160541185-160541490	305	65	58	0.190164	0.892308
chr6:167521440-167522108	668	593	1108	1.65868	1.86847
chr6:167525145-167525415	270	0	0	0	0
chr6:167525977-167527294	1317	1167	2050	1.55657	1.75664
chr6:167532240-167532681	441	316	288.28	0.653696	0.912278
chr6:167533233-167534154	921	396	505.92	0.549316	1.27758
chr6:167534925-167536907	1982	1507	2217	1.11857	1.47113
chr6:167537625-167538240	615	490	637	1.03577	1.3
chr7:17337880-17340070	2190	600	555	0.253425	0.925
chr7:28218437-28220775	2338	1213	4949	2.11677	4.07997
chr7:28221480-28222109	629	184	344.4	0.547536	1.87174
chr7:28223300-28223530	230	180	151	0.656522	0.838889
chr7:55085841-55088724	2883	200	185	0.0641693	0.925
chr7:55173837-55173910	73	73	146	2	2
chr7:55175720-55175955	235	235	616.4	2.62298	2.62298
chr7:55177120-55177721	601	601	1697.56	2.82456	2.82456
chr7:55178505-55179145	640	615	831	1.29844	1.35122
chr7:87228660-87230375	1715	1515	3652.8	2.12991	2.41109
chr7:87233599-87233830	231	0	0	0	0
chr7:87341920-87342170	250	0	0	0	0
chr7:87345005-87345154	149	149	311.6	2.09128	2.09128
chr7:99275619-99275756	137	137	2413.12	17.614	17.614
chr7:99276700-99277775	1075	1075	44557	41.4484	41.4484
chr7:99380005-99380267	262	262	1597.88	6.09878	6.09878
chr7:99384440-99384650	210	210	1154	5.49524	5.49524
chr7:117117424-117117655	231	231	470	2.03463	2.03463
chr7:117118869-117120055	1186	761	736	0.620573	0.967148
chr7:117121145-117121370	225	195	256	1.13778	1.31282
chr7:128573125-128573975	850	850	4615	5.42941	5.42941
chr7:128574620-128575455	835	680	2980.6	3.56958	4.38324
chr7:128576325-128581815	5490	4965	22200	4.04372	4.4713
chr7:128694200-128696450	2250	2175	20387	9.06089	9.37333
chr7:140623320-140625155	1835	1185	7138.2	3.89003	6.0238
chr7:140628387-140628550	163	163	1202.96	7.38012	7.38012
chr7:150651057-150656917	5860	5860	182828	31.1993	31.1993
chr7:150673402-150678035	4633	4433	105080	22.6808	23.704
chr8:11347880-11348070	190	20	12	0.0631579	0.6
chr8:11348980-11353255	4275	2745	3676	0.859883	1.33916
chr8:18244754-18245271	517	346	570.12	1.10275	1.64775
chr8:18246545-18246655	110	110	110	1	1
chr8:18247399-18247850	451	300	293	0.649667	0.976667
chr8:18248640-18248850	210	185	175.4	0.835238	0.948108
chr9:75566233-75566930	697	697	5057.4	7.25595	7.25595
chr9:75567880-75568170	290	290	4687.4	16.1634	16.1634
chr9:75569520-75570282	762	762	4295.56	5.63722	5.63722
chr9:117553520-117554310	790	55	48	0.0607595	0.872727
chr9:117566408-117567135	727	502	679.8	0.935076	1.35418
chr9:117567880-117569049	1169	445	610	0.521814	1.37079
chr9:133587905-133591267	3362	2837	22719.9	6.75786	8.00843
chr9:133708607-133711688	3081	2881	30155.4	9.78755	10.467
chr9:133712305-133712641	336	336	8634.84	25.6989	25.6989
chr9:139266925-139269050	2125	2125	21848	10.2814	10.2814
chr9:139269700-139269895	195	195	346	1.77436	1.77436
chr9:139271080-139271970	890	595	1017	1.1427	1.70924
chrX:153773205-153773355	150	150	2724.6	18.164	18.164
chrX:153774225-153776655	2430	1855	13408.8	5.51802	7.22846
chrX:153778053-153778290	237	237	2769.76	11.6868	11.6868
