chr1:2562481-2563340	859	44	82	0.0954598	1.86364
chr1:2563997-2564227	230	152	512	2.22609	3.36842
chr1:2568240-2568481	241	210	191	0.792531	0.909524
chr1:11862320-11863930	1610	1610	30768.8	19.1111	19.1111
chr1:11864545-11866955	2410	2410	149424	62.0018	62.0018
chr1:60392005-60392685	680	620	700	1.02941	1.12903
chr1:67628665-67629430	765	585	660	0.862745	1.12821
chr1:67631420-67632155	735	255	223	0.303401	0.87451
chr1:98384620-98387175	2555	2550	62376	24.4133	24.4612
chr1:114413440-114413670	230	230	355	1.54348	1.54348
chr1:114414225-114415494	1269	1194	3362	2.64933	2.81575
chr1:114416680-114417755	1075	995	4963	4.61674	4.98794
chr1:115258640-115259850	1210	1210	166549	137.644	137.644
chr1:115261778-115262015	237	237	709.2	2.99241	2.99241
chr1:115263265-115263415	150	150	355	2.36667	2.36667
chr1:161471204-161471310	106	0	0	0	0
chr1:161471925-161472130	205	155	149	0.726829	0.96129
chr1:161472805-161473130	325	80	63	0.193846	0.7875
chr1:161475005-161475581	576	501	1053	1.82812	2.1018
chr1:161476360-161477010	650	540	2215	3.40769	4.10185
chr1:169553842-169554690	848	583	982	1.15802	1.68439
chr1:169555500-169556055	555	480	1350	2.43243	2.8125
chr1:169557445-169557730	285	155	268	0.940351	1.72903
chr1:169558400-169558630	230	200	371	1.61304	1.855
chr1:173174425-173175230	805	805	93525.4	116.181	116.181
chr1:173175960-173176811	851	851	42837.4	50.3377	50.3377
chr1:173179420-173180190	770	470	1113.6	1.44623	2.36936
chr1:186649080-186650267	1187	1187	192165	161.892	161.892
chr1:186650960-186651235	275	275	8381.6	30.4785	30.4785
chr1:186651879-186652170	291	291	2208.76	7.59024	7.59024
chr1:201080005-201080087	82	0	0	0	0
chr1:201080721-201081201	480	1	0.72	0.0015	0.72
chr1:201083097-201084671	1574	678	844	0.536213	1.24484
chr1:206943865-206944935	1070	750	1400	1.30841	1.86667
chr1:206945620-206946010	390	285	446	1.14359	1.56491
chr1:206946705-206946707	2	2	2	1	1
chr1:206947500-206947895	395	0	0	0	0
chr1:206949625-206949839	214	150	128	0.598131	0.853333
chr10:6102760-6102930	170	0	0	0	0
chr10:6103928-6104648	720	520	576.12	0.800167	1.10792
chr10:6107880-6108165	285	260	634	2.22456	2.43846
chr10:8092666-8098666	6000	6000	451303	75.2171	75.2171
chr10:45865754-45865917	163	0	0	0	0
chr10:45867080-45867368	288	195	188	0.652778	0.964103
chr10:45868585-45871613	3028	1940	3730	1.23184	1.92268
chr10:49889840-49890095	255	0	0	0	0
chr10:49891965-49894190	2225	1215	1575	0.707865	1.2963
chr10:64131645-64131821	176	176	248	1.40909	1.40909
chr10:64133373-64134315	942	942	9135.76	9.69826	9.69826
chr10:64134825-64135115	290	290	573	1.97586	1.97586
chr10:96696561-96696750	189	0	0	0	0
chr10:101288689-101294689	6000	3564	6532.28	1.08871	1.83285
chr10:115802404-115805890	3486	3346	13864	3.97705	4.14345
chr10:135337100-135338059	959	509	989	1.03128	1.94303
chr10:135341200-135341873	673	123	242	0.359584	1.96748
chr10:135342471-135342866	395	216	194.24	0.491747	0.899259
chr11:17407485-17407715	230	0	0	0	0
chr11:17408225-17408475	250	50	32	0.128	0.64
chr11:17410225-17411591	1366	816	1781	1.30381	2.1826
chr11:17413085-17413432	347	172	332.2	0.957349	1.9314
chr11:67347065-67347755	690	310	273	0.395652	0.880645
chr11:67348885-67349295	410	410	555.8	1.35561	1.35561
chr11:67349985-67350375	390	390	833	2.1359	2.1359
chr11:67350900-67353065	2165	2165	61603	28.454	28.454
chr11:113344860-113346235	1375	400	800	0.581818	2
chr11:113348098-113348522	424	197	384	0.90566	1.94924
chr11:128390346-128394370	4024	4024	442860	110.055	110.055
chr11:128395320-128395918	598	598	4251.8	7.11003	7.11003
chr11:128455520-128456105	585	400	600	1.02564	1.5
chr11:128457240-128457710	470	445	976	2.0766	2.19326
chr12:21281700-21281850	150	150	268	1.78667	1.78667
chr12:21282412-21282515	103	103	197.68	1.91922	1.91922
chr12:25402773-25404907	2134	2134	39715.3	18.6107	18.6107
chr12:25405643-25407595	1952	1277	2705	1.38576	2.11825
chr12:48296940-48299775	2835	2535	7922	2.79436	3.12505
chr12:48301902-48302315	413	0	0	0	0
chr12:111840720-111845751	5031	5031	222151	44.1565	44.1565
chr12:111868665-111869095	430	430	27065.6	62.9433	62.9433
chr12:111869640-111870659	1019	1019	15209.7	14.9261	14.9261
chr12:111872020-111874084	2064	2064	199621	96.7154	96.7154
chr15:67354385-67360194	5809	5659	254743	43.8531	45.0155
chr15:67414053-67414375	322	322	39492.1	122.646	122.646
chr15:67416545-67420035	3490	3490	195577	56.0392	56.0392
chr15:67426358-67428130	1772	1772	123180	69.5148	69.5148
chr15:67429107-67432050	2943	2943	155854	52.9575	52.9575
chr15:67454492-67455155	663	663	8728.32	13.1649	13.1649
chr15:67457073-67459055	1982	1982	171716	86.638	86.638
chr15:67460143-67460370	227	227	3832.04	16.8812	16.8812
chr15:75040961-75041231	270	120	168.96	0.625778	1.408
chr15:75043132-75043185	53	53	46.2	0.871698	0.871698
chr16:11034365-11038941	4576	4276	48032.4	10.4966	11.233
chr16:11039540-11040344	804	729	2375.84	2.95502	3.25904
chr16:28620605-28622369	1764	969	2131	1.20805	2.19917
chr16:28633160-28635075	1915	1465	2975	1.55352	2.03072
chr16:31104420-31107430	3010	2830	25799	8.5711	9.11625
chr16:31271140-31271395	255	220	199	0.780392	0.904545
chr16:50727049-50728497	1448	698	1261	0.870856	1.80659
chr16:50729605-50732559	2954	1420	2867	0.970548	2.01901
chr16:50733620-50734015	395	55	70	0.177215	1.27273
chr16:69758794-69762095	3301	3301	190217	57.6241	57.6241
chr16:85931005-85931310	305	255	300	0.983607	1.17647
chr16:85932065-85934355	2290	1605	2508	1.0952	1.56262
chr16:85935525-85938035	2510	960	1673	0.666534	1.74271
chr17:37843185-37845775	2590	1925	29496	11.3884	15.3226
chr17:37852400-37852655	255	150	264	1.03529	1.76
chr17:37855185-37858105	2920	1980	7121	2.4387	3.59646
chr17:37932620-37932830	210	0	0	0	0
chr17:37933893-37934615	722	597	841	1.16482	1.40871
chr17:37937320-37937595	275	270	257	0.934545	0.951852
chr17:38019805-38021955	2150	855	1854	0.862326	2.16842
chr17:38023166-38024441	1275	766	861.48	0.675671	1.12465
chr17:38071905-38072295	390	390	700	1.79487	1.79487
chr17:38072820-38073590	770	615	988	1.28312	1.6065
chr17:38074105-38078647	4542	2717	3961	0.872083	1.45786
chr17:38081125-38086315	5190	5165	394002	75.9156	76.2831
chr17:40538769-40541315	2546	2546	163566	64.2443	64.2443
chr17:40541932-40542235	303	303	491.2	1.62112	1.62112
chr17:41276480-41278662	2182	2182	92589	42.4331	42.4331
chr17:41279480-41279710	230	45	23	0.1	0.511111
chr17:41280980-41281475	495	495	9205	18.596	18.596
chr17:61551560-61552170	610	610	17998.6	29.5059	29.5059
chr17:61553052-61555504	2452	2377	17565.3	7.16365	7.38968
chr17:61556025-61556421	396	396	3896.12	9.83869	9.83869
chr17:61558177-61558616	439	173	274	0.624146	1.58382
chr17:61559672-61560163	491	441	781.08	1.59079	1.77116
chr17:61561209-61561335	126	0	0	0	0
chr17:61562065-61562715	650	385	446	0.686154	1.15844
chr17:61563565-61563573	8	8	0.32	0.04	0.04
chr18:653601-653831	230	230	563	2.44783	2.44783
chr18:656840-659282	2442	2382	79795.3	32.6762	33.4993
chr18:12839020-12840271	1251	996	3298	2.63629	3.31124
chr18:12841080-12841270	190	120	137.4	0.723158	1.145
chr18:12842989-12843868	879	825	2000	2.27531	2.42424
chr18:12882525-12884782	2257	2207	107767	47.748	48.8297
chr18:12885545-12885995	450	405	396.8	0.881778	0.979753
chr18:12886560-12886830	270	180	170	0.62963	0.944444
chr19:10490501-10491815	1314	1314	31838	24.2298	24.2298
chr19:16008825-16009160	335	25	14	0.041791	0.56
chr19:38920339-38920455	116	86	164	1.41379	1.90698
chr19:38922025-38922048	23	0	0	0	0
chr19:38924020-38924607	587	200	200	0.340716	1
chr19:38925220-38925675	455	50	66	0.145055	1.32
chr19:41354371-41355222	851	551	651	0.764982	1.18149
chr19:41495405-41495742	337	292	724.52	2.14991	2.48123
chr19:41497540-41497790	250	225	200	0.8	0.888889
chr2:29446665-29447621	956	410	1006	1.0523	2.45366
chr2:29448725-29449675	950	275	400	0.421053	1.45455
chr2:30142920-30144775	1855	0	0	0	0
chr2:30145365-30146290	925	600	1277.2	1.38076	2.12867
chr2:61106980-61110629	3649	3649	218014	59.7461	59.7461
chr2:65592365-65592930	565	380	462	0.817699	1.21579
chr2:65593765-65595015	1250	1250	19253	15.4024	15.4024
chr2:65595720-65595870	150	30	44	0.293333	1.46667
chr2:65597760-65597931	171	0	0	0	0
chr2:65657656-65660735	3079	2879	11278	3.66288	3.91733
chr2:65661725-65663656	1931	1681	10012	5.1849	5.956
chr2:163173194-163175915	2721	2046	50147.4	18.4298	24.51
chr2:163176426-163176755	329	0	0	0	0
chr2:192014980-192015910	930	930	4391	4.72151	4.72151
chr2:192017573-192017938	365	365	652.12	1.78663	1.78663
chr2:234156420-234156891	471	471	3541.72	7.51958	7.51958
chr2:234157700-234158003	303	253	231	0.762376	0.913043
chr2:234159049-234159595	546	546	3495.88	6.40271	6.40271
chr2:234160120-234162216	2096	1896	33051.4	15.7688	17.4322
chr2:234665243-234665735	492	257	208	0.422764	0.809339
chr2:234667540-234667730	190	0	0	0	0
chr2:234668691-234668955	264	0	0	0	0
chr2:234670060-234670375	315	0	0	0	0
chr20:44746405-44748892	2487	2462	13027.8	5.23836	5.29155
chr20:48183855-48186649	2794	1645	4213	1.50787	2.56109
chr20:48187452-48187682	230	130	176	0.765217	1.35385
chr21:46952749-46953025	276	276	3031.08	10.9822	10.9822
chr21:46955625-46955901	276	276	974	3.52899	3.52899
chr21:46956805-46956987	182	182	151.4	0.831868	0.831868
chr21:46960731-46964278	3547	3197	23134.6	6.52229	7.23633
chr22:19925262-19925950	688	688	4850.32	7.04988	7.04988
chr22:19927925-19931262	3337	3112	232013	69.5274	74.5543
chr22:19935265-19935864	599	599	25469.4	42.5199	42.5199
chr22:19936927-19939555	2628	2628	76373.2	29.0613	29.0613
chr22:19946625-19948035	1410	1410	9893.6	7.01674	7.01674
chr22:19948905-19949055	150	150	276.2	1.84133	1.84133
chr22:19949880-19951715	1835	1835	20883.8	11.3808	11.3808
chr22:21918585-21919335	750	525	600	0.8	1.14286
chr22:21920905-21924018	3113	2343	94078	30.221	40.1528
chr22:23518551-23519675	1124	874	1281	1.13968	1.46568
chr22:23520660-23523438	2778	2778	64726.5	23.2997	23.2997
chr22:23524499-23524551	52	52	2304.64	44.32	44.32
chr22:24383879-24384915	1036	1036	12791.8	12.3473	12.3473
chr22:42525357-42525699	342	217	268	0.783626	1.23502
chr22:42527653-42527795	142	0	0	0	0
chr22:42528485-42528769	284	44	35	0.123239	0.795455
chr22:42530185-42530412	227	0	0	0	0
chr3:38690024-38692995	2971	2801	20288	6.82868	7.24313
chr3:49724200-49724590	390	390	603	1.54615	1.54615
chr3:49725728-49728053	2325	2303	49203	21.1626	21.3647
chr3:119495465-119495890	425	150	124	0.291765	0.826667
chr3:119500476-119500970	494	345	963.4	1.9502	2.79246
chr3:119502126-119503030	904	705	1348	1.49115	1.91206
chr3:151101784-151102910	1126	551	835.8	0.742274	1.51688
chr3:151103925-151104150	225	0	0	0	0
chr3:152552202-152554155	1953	1750	7600	3.89145	4.34286
chr3:187867897-187868075	178	100	80	0.449438	0.8
chr3:187868845-187872708	3863	3538	253906	65.7276	71.7653
chr3:187873298-187873515	217	217	1269.2	5.84885	5.84885
chr3:187926720-187926775	55	55	311.8	5.66909	5.66909
chr3:187930160-187930695	535	485	1214	2.26916	2.50309
chr3:187931685-187932543	858	708	1949.8	2.27249	2.75395
chr4:55520965-55521228	263	0	0	0	0
chr4:55523279-55525935	2656	2156	5028	1.89307	2.3321
chr4:89079444-89080779	1335	1281	18425	13.8015	14.3833
chr4:89083820-89084155	335	335	1427.4	4.2609	4.2609
chr4:89151640-89151955	315	315	1562.8	4.96127	4.96127
chr4:100242516-100242670	154	0	0	0	0
chr4:100244900-100245150	250	250	348	1.392	1.392
chr4:100246240-100246470	230	160	147	0.63913	0.91875
chr5:55527313-55527617	304	204	196.28	0.645658	0.962157
chr5:55529080-55529330	250	200	380.8	1.5232	1.904
chr5:74631380-74634350	2970	2970	117683	39.6239	39.6239
chr5:96142824-96144235	1411	1411	151041	107.045	107.045
chr5:96147289-96147675	386	311	588	1.52332	1.89068
chr5:96148580-96148915	335	190	1113	3.32239	5.85789
chr5:96151980-96152872	892	517	474	0.53139	0.916828
chr5:131989445-131989772	327	0	0	0	0
chr5:131991385-131992855	1470	700	800	0.544218	1.14286
chr5:131994406-131994635	229	229	246	1.07424	1.07424
chr5:131995559-131995864	305	0	0	0	0
chr5:148204185-148204410	225	225	222	0.986667	0.986667
chr5:148205280-148206535	1255	1255	57683.2	45.9627	45.9627
chr5:148207044-148208197	1153	1153	13646.3	11.8355	11.8355
chr5:150442805-150443343	538	538	43247.4	80.3855	80.3855
chr5:150445046-150445075	29	29	87	3	3
chr5:150446625-150446758	133	133	617.36	4.6418	4.6418
chr5:150447362-150448692	1330	1330	32472.6	24.4155	24.4155
chr5:150458595-150458775	180	180	6158.2	34.2122	34.2122
chr5:150459385-150462075	2690	2665	204922	76.1793	76.8939
chr5:150462980-150467114	4134	3034	15347	3.71239	5.05834
chr5:150470165-150470410	245	110	96	0.391837	0.872727
chr5:158757180-158757554	374	370	395.8	1.05829	1.06973
chr5:158758215-158759315	1100	1050	2069	1.88091	1.97048
chr5:158759860-158760639	779	225	200	0.256739	0.888889
chr6:18153400-18153930	530	530	2900.8	5.47321	5.47321
chr6:18154585-18156630	2045	1995	48018.4	23.4809	24.0694
chr6:31238260-31241370	3110	2640	49516	15.9215	18.7561
chr6:31323022-31325375	2353	2128	12616	5.36167	5.92857
chr6:31326080-31326490	410	285	595.2	1.45171	2.08842
chr6:32374045-32374195	150	150	343.2	2.288	2.288
chr6:32405240-32405575	335	0	0	0	0
chr6:32407240-32409330	2090	1565	2868	1.37225	1.83259
chr6:32557025-32558124	1099	449	999.6	0.909554	2.22628
chr6:32601778-32602190	412	225	200	0.485437	0.888889
chr6:32603365-32603655	290	240	231	0.796552	0.9625
chr6:32604445-32606430	1985	935	1443	0.726952	1.54332
chr6:32632466-32634635	2169	885	995.2	0.458829	1.12452
chr6:32636165-32636415	250	0	0	0	0
chr6:32709005-32709595	590	270	246	0.416949	0.911111
chr6:32710280-32710507	227	157	215	0.947137	1.36943
chr6:91004627-91008730	4103	3228	16796	4.09359	5.20322
chr6:111886585-111890035	3450	3450	250702	72.6673	72.6673
chr6:111925154-111928470	3316	3316	260376	78.521	78.521
chr6:138184460-138184790	330	315	1393.4	4.22242	4.42349
chr6:138185465-138190324	4859	4534	64247.1	13.2223	14.1701
chr6:160541185-160541490	305	215	291.8	0.956721	1.35721
chr6:167521440-167522108	668	200	200	0.299401	1
chr6:167525145-167525415	270	215	373.4	1.38296	1.73674
chr6:167525977-167527294	1317	873	1807.36	1.37233	2.07029
chr6:167532240-167532681	441	281	360	0.816327	1.28114
chr6:167533233-167534154	921	0	0	0	0
chr6:167534925-167536907	1982	950	937	0.472755	0.986316
chr6:167537625-167538240	615	490	685	1.11382	1.39796
chr7:17337880-17340070	2190	2190	77939.4	35.5888	35.5888
chr7:28218437-28220775	2338	2338	16069	6.87297	6.87297
chr7:28221480-28222109	629	234	206.12	0.327695	0.880855
chr7:28223300-28223530	230	230	481	2.0913	2.0913
chr7:55085841-55088724	2883	2083	14684	5.09329	7.04943
chr7:55173837-55173910	73	10	7.2	0.0986301	0.72
chr7:55175720-55175955	235	180	175	0.744681	0.972222
chr7:55177120-55177721	601	280	385.6	0.641597	1.37714
chr7:55178505-55179145	640	0	0	0	0
chr7:87228660-87230375	1715	1150	3404	1.98484	2.96
chr7:87233599-87233830	231	201	425.96	1.84398	2.1192
chr7:87341920-87342170	250	250	6959.6	27.8384	27.8384
chr7:87345005-87345154	149	104	95	0.637584	0.913462
chr7:99275619-99275756	137	137	252.24	1.84117	1.84117
chr7:99276700-99277775	1075	450	800	0.744186	1.77778
chr7:99380005-99380267	262	142	127	0.484733	0.894366
chr7:99384440-99384650	210	150	274	1.30476	1.82667
chr7:117117424-117117655	231	105	100	0.4329	0.952381
chr7:117118869-117120055	1186	456	404.8	0.341315	0.887719
chr7:117121145-117121370	225	0	0	0	0
chr7:128573125-128573975	850	700	1200	1.41176	1.71429
chr7:128574620-128575455	835	205	195.2	0.233772	0.952195
chr7:128576325-128581815	5490	2590	2856	0.520219	1.1027
chr7:128694200-128696450	2250	2150	118873	52.8324	55.2898
chr7:140623320-140625155	1835	1835	105240	57.3515	57.3515
chr7:140628387-140628550	163	13	12.48	0.0765644	0.96
chr7:150651057-150656917	5860	2293	2540	0.433447	1.10772
chr7:150673402-150678035	4633	825	1600	0.345349	1.93939
chr8:11347880-11348070	190	0	0	0	0
chr8:11348980-11353255	4275	1830	3985.6	0.932304	2.17792
chr8:18244754-18245271	517	517	6353.92	12.29	12.29
chr8:18246545-18246655	110	0	0	0	0
chr8:18247399-18247850	451	0	0	0	0
chr8:18248640-18248850	210	125	230	1.09524	1.84
chr9:75566233-75566930	697	697	14944.9	21.4418	21.4418
chr9:75567880-75568170	290	290	3214.8	11.0855	11.0855
chr9:75569520-75570282	762	582	1205.04	1.58142	2.07052
chr9:117553520-117554310	790	400	400	0.506329	1
chr9:117566408-117567135	727	727	41733.3	57.4048	57.4048
chr9:117567880-117569049	1169	1169	33001.2	28.2303	28.2303
chr9:133587905-133591267	3362	3362	133437	39.6896	39.6896
chr9:133708607-133711688	3081	3081	271461	88.1082	88.1082
chr9:133712305-133712641	336	336	16932.2	50.3933	50.3933
chr9:139266925-139269050	2125	1525	3311	1.55812	2.17115
chr9:139269700-139269895	195	170	290	1.48718	1.70588
chr9:139271080-139271970	890	220	264.2	0.296854	1.20091
chrX:153773205-153773355	150	150	385.2	2.568	2.568
chrX:153774225-153776655	2430	2430	77052.6	31.7089	31.7089
chrX:153778053-153778290	237	237	1133.04	4.78076	4.78076
