	Estimate	Std. Error	t value	Pr(>|t|)	idx	beta	pval	cilb	ciub	i2	tau2	Symbol	coef	exp(coef)	se(coef)	z	Pr(>|z|)
ENSG00000036448.8	-0.0650928036457128	0.00639136349530837	-10.1844940744639	6.50839771746856e-22	85	-1.45841083712883	9.96617495443028e-14	-1.84253909877294	-1.07428257548473	95.4312050774873	0.754484550166923	MYOM2	-0.521128318026607	0.593850118018958	0.17891761581774	-2.91267193364275	0.00358350864237296
ENSG00000127564.15	0.122459458577855	0.00783875988544162	15.6223000024902	1.10887949184302e-43	110	2.76921349380575	1.10269786567984e-29	2.28954649902054	3.24888048859096	96.1556344103586	1.1944206800276	PKMYT1	0.542967743334881	1.72110709445953	0.178606571805923	3.04002108010269	0.00236561590504676
ENSG00000109805.8	0.101591248454026	0.00590938936456363	17.1914968174597	1.64111448658668e-50	156	2.64258373434563	3.89813555234857e-17	2.02715878437046	3.25800868432079	98.0045271955996	2.08144528507763	NCAPG	0.555610709070283	1.74300512884152	0.178995037247172	3.10405650131545	0.00190886873463796
ENSG00000175643.8	0.0946090299489641	0.00995732155687869	9.50145372011277	1.61602605628516e-19	451	1.59828749970523	3.90399300184916e-14	1.18415179430349	2.01242320510697	97.5719036634337	0.942440587092356	RMI2	0.518067493226763	1.67878025868627	0.178566017346893	2.90126587871606	0.00371658386479427
ENSG00000085999.10	0.0873613649569943	0.00635098496615764	13.7555616054069	8.62318759392748e-36	500	2.27621217527604	7.28202761181619e-16	1.72309260308178	2.82933174747031	98.0341848333568	1.63832625318509	RAD54L	0.684658173107132	1.98309384485878	0.180854789311565	3.78567897324327	0.000153289462214085
ENSG00000088356.5	0.185812743708412	0.022390500051833	8.29873130471693	1.45872073968529e-15	522	0.636289931328794	1.90066699627501e-12	0.459184131653849	0.813395731003738	96.9684040605604	0.169007491274456	PDRG1	0.523833775209123	1.68848854249525	0.179424528827661	2.91952153159767	0.00350569175447424
ENSG00000138778.10	0.116744980437661	0.00771543828788453	15.1313478355447	1.41064302096015e-41	997	1.93892461404678	2.54849821213949e-18	1.50361457317993	2.37423465491363	97.6550791387079	1.03801604141552	CENPE	0.509433264695897	1.66434768302011	0.178669847104864	2.85125483091112	0.00435470539973888
ENSG00000117650.11	0.096486107227275	0.00574583744730259	16.7923489155738	9.22398271394635e-49	1087	2.84645485181449	4.63318582396444e-19	2.22106174672996	3.47184795689901	97.3825774353817	2.11795537155562	NEK2	0.698415818967961	2.01056508418091	0.180736172946156	3.86428354425778	0.000111415739710191
ENSG00000164932.11	0.0568420506199735	0.00569284926333026	9.9848156855503	3.34154863250362e-21	1088	2.24347936180527	4.85037033967213e-17	1.71940325576773	2.76755546784281	96.2597757260646	1.42047141651734	CTHRC1	0.50335090473316	1.65425524534248	0.178898062938546	2.81361852926305	0.00489873226160998
ENSG00000008300.13	0.0940069284858001	0.0070220818504491	13.3873302088878	2.82690898921705e-34	1127	1.80338245112533	3.03808702890768e-12	1.29670390992083	2.31006099232983	98.6906686321595	1.44000579374883	CELSR3	0.656684925570589	1.92838897348132	0.182416192407667	3.59992672198211	0.000318306870065745
ENSG00000168078.8	0.0974039233959897	0.00609170254177376	15.9896059809296	2.8782825460155e-45	1160	2.74949285758073	1.97517466689234e-14	2.04526622092747	3.45371949423399	97.6342423251211	2.65680027954731	PBK	0.565979410617905	1.76117184870831	0.178966013484408	3.16249660814629	0.00156422557833633
ENSG00000126787.11	0.105869315210229	0.00664352100693843	15.9357237073023	4.92396562410863e-45	1581	2.92777335162189	1.66655082512055e-15	2.20723362692073	3.64831307632305	97.9743700985326	2.81778955074672	DLGAP5	0.62805313502673	1.87395868102399	0.180197045011956	3.48536866953095	0.000491459405878143
ENSG00000161800.11	0.162276981763983	0.0103374129172504	15.698026485252	5.23240351036509e-44	1729	1.474292346111	4.49270374294404e-16	1.11863160790729	1.82995308431471	98.8194035331649	0.708344185392043	RACGAP1	0.559461985010188	1.7497308655782	0.179332681428217	3.11968783689954	0.00181042789811051
ENSG00000112742.8	0.0955623142524374	0.00608346328574271	15.7085380093275	4.71403245306342e-44	1778	2.41925695535574	8.54614154469056e-15	1.80815637324529	3.03035753746619	98.1183420642356	2.05559129806565	TTK	0.618904514608299	1.85689272836392	0.179234535499276	3.45304275699032	0.000554301136356215
ENSG00000131747.13	0.101045465385347	0.00621942365400685	16.2467570962541	2.20696167440368e-46	2711	2.88347588622268	2.18886138609945e-16	2.19521227616569	3.57173949627966	98.2625074802646	2.66121179461265	TOP2A	0.601595114021457	1.82502760696008	0.178679031781906	3.36690381642408	0.000760171965664587
ENSG00000154839.8	0.0869522653619667	0.00498050038032669	17.4585400506009	1.09808576856015e-51	2788	2.57114511557337	2.09382163550638e-14	1.91195231329692	3.23033791784982	98.258898357498	2.42984608999464	SKA1	0.628321074768026	1.87446085630154	0.180972922930079	3.4719065404651	0.00051677621190314
ENSG00000196262.12	0.184849261223258	0.0249180519028444	7.41828702917814	6.65231801420363e-13	2849	0.617692573725825	4.40102891122242e-16	0.468725235374067	0.766659912077583	96.3108251634777	0.115204557441296	PPIA	0.52005491784964	1.68212002557696	0.17813290939587	2.91947692098772	0.00350619355254181
ENSG00000024526.15	0.0899553254236476	0.00566203053354915	15.8874673830593	7.96142525298579e-45	2950	2.51522361457411	5.64405745398089e-14	1.85933065236402	3.17111657678421	97.5212787404813	2.34331146137578	DEPDC1	0.637927112505428	1.89255375945155	0.179202398497581	3.5598134726642	0.000371118299239534
ENSG00000051341.12	0.102869805900916	0.00758820464276454	13.5565408082404	5.71183667433343e-35	3082	2.39362027948115	4.81421628004271e-15	1.79458993885613	2.99265062010618	97.8507268776111	2.010200109267	POLQ	0.551128908072609	1.73521080606467	0.178149788028239	3.09362651604866	0.00197726227822674
ENSG00000115163.13	0.0916906083100085	0.00587306631989225	15.61205055687	1.22744427781665e-43	3172	2.96784115750368	1.03874150303766e-20	2.34451811483056	3.5911642001768	97.0760662365881	2.04284039229754	CENPA	0.660803543936705	1.93634764984959	0.180674356937144	3.65742850916356	0.000254758283057721
ENSG00000149554.11	0.13513014615433	0.0132765729914596	10.1780893489046	6.86105822517675e-22	3180	1.29714204411386	1.53525616077527e-14	0.966303035204499	1.62798105302322	98.5163929230639	0.611133676399732	CHEK1	0.657779670134928	1.93050122280375	0.17956210079321	3.66324334160274	0.000249041742526769
ENSG00000070814.16	0.217998830564075	0.0200343622405146	10.8812463280326	1.86933644301277e-24	3338	0.668741765856748	1.8697329811549e-13	0.490602822208033	0.846880709505464	96.9472382350851	0.17014324114788	TCOF1	0.505862772937021	1.65841573961341	0.178626508305286	2.83195802088044	0.00462639220379279
ENSG00000187758.6	-0.0439270495580822	0.00583542466335775	-7.52765258609408	3.19430380910391e-13	3389	-4.11028383712549	5.73327431631169e-16	-5.10548493465499	-3.11508273959598	97.5937684677529	5.40992290816419	ADH1A	-0.478329207301287	0.619818114742313	0.178968740162466	-2.67269695739639	0.00752441892932815
ENSG00000106268.14	0.134221139718279	0.0126720092196846	10.5919382941878	2.18063027577282e-23	3544	1.12256986077136	6.883819032513e-24	0.904261737653356	1.34087798388936	96.02180339473	0.242993433329667	NUDT1	0.475663500088874	1.60908146907697	0.179635804542518	2.64793258393145	0.00809856735058614
ENSG00000094804.8	0.114058140750243	0.00746771496050173	15.2734995046704	3.48297328340193e-42	3577	2.28185000706936	8.06365660782329e-16	1.72650223659079	2.83719777754794	98.2218191747252	1.71649198133422	CDC6	0.528451555652408	1.69630364218539	0.177843649781155	2.9714389931982	0.00296407756725763
ENSG00000150753.10	0.172025686871171	0.0240663547732733	7.1479743605464	3.94121097791567e-12	3682	0.658909023443142	7.18737244014702e-11	0.460735239503175	0.857082807383108	98.571811345224	0.223186359905047	CCT5	0.665148475902011	1.94477925275524	0.179673279811298	3.70198883551624	0.000213916033419756
ENSG00000117724.11	0.110226405668933	0.00658973788107205	16.7269787749132	1.78143568329494e-48	3744	2.48376596217507	1.29692356178236e-19	1.94648668743244	3.0210452369177	97.6154593541964	1.58626001908912	CENPF	0.471884312939351	1.60301192526139	0.177483858747415	2.65874494880636	0.00784323132651827
ENSG00000014138.7	0.188726088501669	0.0166664347403441	11.3237228862645	4.07523851552179e-26	3808	0.721954830845249	1.15515178351618e-14	0.538685227453617	0.905224434236881	97.4872499048493	0.174727275689571	POLA2	0.48057156684512	1.61699836076732	0.178690139180536	2.68941290800375	0.00715778217667582
ENSG00000113648.15	0.235007358639051	0.027075999828702	8.67954498913575	8.91213574814602e-17	3978	0.557949154879981	1.1851436423667e-11	0.396704911498049	0.719193398261914	97.7149309824865	0.14195492121443	H2AFY	0.463210971953433	1.58916857705132	0.177827857014818	2.60482794838402	0.00919204054702582
ENSG00000106683.13	0.108515551747378	0.0148939468639611	7.28588283136375	1.59988580046294e-12	4080	0.967684135759742	4.29445360097673e-17	0.742017995506556	1.19335027601293	97.4398352843842	0.286512598669451	LIMK1	0.654941794769785	1.92503046727393	0.180591517530996	3.62664760628845	0.00028712471651283
ENSG00000278023.3	0.0509472855898549	0.00428820404891242	11.8807978838545	2.95395980668847e-28	4086	2.68776366657276	3.52191508020123e-14	1.99256101639791	3.38296631674761	93.8580546876436	2.32690421666962	RDM1	0.532484390731813	1.70315836771742	0.178594481515972	2.98152768334106	0.00286814114209584
ENSG00000093009.8	0.114844772343011	0.00722034290279361	15.9057227460176	6.63844831165871e-45	4145	2.79327137849769	2.78632644533587e-23	2.24249944520896	3.34404331178641	97.4022697864989	1.6310566029635	CDC45	0.614956454244277	1.84957605661753	0.180007937919904	3.41627408963436	0.000634843138473588
ENSG00000088325.14	0.0959884344366735	0.0101968644032771	9.41352465232595	3.23080413914128e-19	4201	2.62864973837321	1.33758325545784e-23	2.11410815951264	3.14319131723378	97.5150718782902	1.42570257976733	TPX2	0.694085671587763	2.00187786309664	0.180403268499416	3.84741184215302	0.000119372209965872
ENSG00000184661.12	0.0917851695363823	0.00683620084105428	13.4263418630379	1.95652152583244e-34	4485	2.55457563406666	4.70008328214042e-12	1.83044753486438	3.27870373326893	98.458990573665	2.94116774613155	CDCA2	0.553397204043198	1.73915124509566	0.178168562973718	3.10603169721266	0.00189616388878691
ENSG00000075702.15	0.116506429165492	0.00971374630629209	11.9939748776458	1.07040878418679e-28	4561	1.73736196038715	3.77081961745049e-22	1.38548491403973	2.08923900673457	96.3631118492608	0.639317567712118	WDR62	0.595578902703485	1.81408081733335	0.180978324079012	3.29088527996018	0.000998726333765748
ENSG00000100416.11	0.1769343725138	0.0205843987348862	8.59555699404198	1.66302492722627e-16	5018	0.603185179633225	3.73560697651262e-13	0.440452624474196	0.765917734792253	95.2093979948705	0.140262936790474	TRMU	0.576878793400794	1.78047252650067	0.180143691551725	3.20232581242044	0.00136322716846496
ENSG00000154920.13	0.120238916311516	0.00775157583841335	15.5115448546172	3.32061875664429e-43	5102	2.05195880240816	2.05558698118133e-18	1.59254892430526	2.51136868051105	98.092690904553	1.16636117422853	EME1	0.602238403835134	1.8262020063284	0.178644744526434	3.3711509702208	0.000748548244003081
ENSG00000080986.11	0.123940774794517	0.00748862171076964	16.5505455585069	1.05001411938495e-47	5154	2.13531067003705	1.35385234604481e-12	1.54491516752	2.72570617255409	98.3257780089822	1.95301542221006	NDC80	0.502713270929151	1.65320077249708	0.178044177586376	2.82353109067701	0.0047497818920981
ENSG00000185432.11	-0.102959234641644	0.0136151142214183	-7.56212786519824	2.53069424862563e-13	5190	-1.55580812265179	2.39344643386448e-13	-1.9721128327547	-1.13950341254889	98.908255244224	0.964146472761872	METTL7A	-0.46818501093979	0.626137670621967	0.177969922014798	-2.63069739897319	0.00852098684604182
ENSG00000153044.8	0.156452378892929	0.0125208619473113	12.495336147886	1.13057354776557e-30	5195	1.35591077442846	1.51886243691712e-20	1.06989800261379	1.64192354624312	97.8313037967273	0.433976118620073	CENPH	0.504539183861442	1.65622213069634	0.178938856480857	2.81961779450299	0.00480808802193085
ENSG00000109881.15	0.141486020660462	0.0132791668306247	10.6547362846714	1.28337280761242e-23	5254	0.982524579802552	1.78876033802508e-13	0.721010431761286	1.24403872784382	97.4558096150381	0.371362128829989	CCDC34	0.602794239627349	1.82721735692529	0.180693315917752	3.33600740329392	0.000849909004299594
ENSG00000077312.7	0.171492722766163	0.0223513654944886	7.67258370896626	1.19384898891623e-13	5268	0.531169356421862	1.58296565401567e-15	0.400550243660606	0.661788469183117	94.8588319580666	0.0836566593580186	SNRPA	0.574242255955931	1.77578442690578	0.179884802266246	3.19227777289379	0.00141155515821984
ENSG00000165795.19	-0.153133022642678	0.0124398128833737	-12.3099136681828	6.14488364405586e-30	5497	-1.511818651364	1.46592438495488e-17	-1.85920168214638	-1.16443562058163	98.4585777238195	0.680418393505351	NDRG2	-0.749925606502245	0.472401695048259	0.181805776361321	-4.12487227585026	3.70940550337321e-05
ENSG00000163687.12	-0.0830286112773359	0.006004135251533	-13.828571109576	4.29874972237331e-36	5546	-2.80292707702086	2.0456989384062e-20	-3.39619692262825	-2.20965723141347	97.507381486475	1.84298157519202	DNASE1L3	-0.721475077872934	0.486034787768424	0.179858818372729	-4.01134114190493	6.03747957061219e-05
ENSG00000206195.9	0.0319403742784367	0.00465623126315526	6.85970530097609	2.48818554017152e-11	5549	1.97347124663788	2.15804707800758e-14	1.46725318176323	2.47968931151252	93.4857115943632	1.18325874109572	AP000525.9	0.629907252031646	1.87743644277328	0.178975433829717	3.51951795032921	0.000432331779637706
ENSG00000118526.6	-0.0489720774979341	0.00620286546840092	-7.89507329272433	2.56680600615263e-14	5908	-3.32293085749045	4.21487765987808e-12	-4.26276189637181	-2.38309981860909	99.2318701815421	5.09287256334515	TCF21	-0.714577814020639	0.489398685450328	0.180120477410703	-3.96722140809837	7.27154344161242e-05
ENSG00000108381.9	-0.0817049116989281	0.00761816536656184	-10.7250115700498	7.07641721252712e-24	6098	-3.34705008271395	2.83599573968477e-18	-4.09954264127848	-2.59455752414943	98.8913605053489	3.12154557619147	ASPA	-0.578547319008196	0.560712311337766	0.181309165364822	-3.19094358988455	0.00141808964861586
ENSG00000006634.6	0.155918606786716	0.0192608096856364	8.09512213305296	6.27504154572913e-15	6125	1.10469734669733	3.29989049428414e-14	0.819280346509911	1.39011434688474	98.0238111849791	0.453449654226544	DBF4	0.52925394791223	1.69766528931269	0.179377465997567	2.95050409464145	0.00317255839264543
ENSG00000166851.13	0.104581073387019	0.00716424227438653	14.5976461126832	2.60103794359244e-39	6237	2.39944317628019	7.56206478598466e-21	1.89730523781041	2.90158111474997	97.9925582477488	1.38313343221213	PLK1	0.615500311748509	1.85058223601988	0.181299649123885	3.39493382763211	0.000686451896016599
ENSG00000172403.9	-0.0850304535873731	0.0105768041032536	-8.03933331441929	9.31776565029628e-15	7192	-2.39130189153997	7.69999986963633e-12	-3.07611346423808	-1.70649031884186	98.6303349946825	2.55801286914679	SYNPO2	-0.550450973938254	0.576689679712809	0.17850698682437	-3.0836382582595	0.00204486069719579
ENSG00000122952.15	0.127551820972111	0.00949152648031642	13.438493927887	1.74446342782268e-34	7264	1.68674650642201	3.7667767570467e-11	1.1868257444171	2.18666726842693	98.9857476928876	1.41673636519071	ZWINT	0.591067308167259	1.80591485483665	0.178556015668263	3.31026264197896	0.000932084670918039
ENSG00000162063.11	0.144700106974988	0.0109731841510433	13.1867017798321	1.86367118560972e-33	7361	1.47346682658279	3.66226074735877e-15	1.10632340724112	1.84061024592445	98.3184552338933	0.754468230035791	CCNF	0.589811225119732	1.80364789984214	0.180130478849725	3.27435550544328	0.00105903285017416
ENSG00000196584.2	0.103149479912377	0.00751480388847848	13.7261705618856	1.14079504433036e-35	7590	2.06035001590095	8.10293913568618e-24	1.65903159012076	2.46166844168114	97.6179277673749	0.874081189927701	XRCC2	0.599291650905391	1.82082856121181	0.178875724212032	3.35032410655687	0.000807170548450605
ENSG00000167747.12	0.118485691787175	0.0148786017205868	7.96349643684809	1.58987793862174e-14	7692	1.17561695249546	4.11596166872907e-16	0.892379291519327	1.45885461347159	97.5360451707192	0.435764998565722	CTD-2568A17.3	0.468091838657823	1.5969440571515	0.177721990086515	2.63384310759719	0.00844244887541275
ENSG00000104889.4	0.153650826832613	0.0126617371775593	12.1350510343029	3.00088128249944e-29	7699	1.31810311819299	3.40097766910466e-21	1.04471248807461	1.59149374831138	97.7656699071332	0.405985793168385	RNASEH2A	0.468624423838111	1.59779479241448	0.177947174139829	2.6335030387719	0.00845090794992739
ENSG00000171848.12	0.114832942026671	0.00748424590001819	15.3432882297991	1.75041376142526e-42	7702	2.61918091387281	3.97287786967491e-13	1.91174440233087	3.32661742541475	98.1785874815733	2.75681456682377	RRM2	0.464414385779977	1.5910821556722	0.177791809153794	2.61212475417384	0.00899814122719896
ENSG00000124571.16	0.231388294198407	0.0221019378054736	10.4691405900664	6.11740784177402e-23	8156	0.676601174244281	1.1443339043913e-11	0.481212905321442	0.871989443167119	98.712607652817	0.218396035943691	XPO5	0.728720622541474	2.07242749384894	0.181773287859846	4.00895330178187	6.09884745041133e-05
ENSG00000123219.11	0.100170091698243	0.00800121901847705	12.5193537968305	9.07208951202678e-31	8254	2.00772937683311	2.03290923253957e-14	1.49324128076286	2.52221747290336	97.7147931244952	1.43501308858731	CENPK	0.564116639180052	1.75789424175545	0.178901507627513	3.15322462432562	0.00161477500431574
ENSG00000162407.8	-0.145624897700297	0.0117292993887103	-12.4154813407239	2.34712334985152e-30	8295	-1.27763844608734	3.37640928439159e-13	-1.621684270929	-0.933592621245676	98.2468273442241	0.664120872173377	PLPP3	-0.541770367415659	0.581717486542794	0.178530144281179	-3.03461563646298	0.00240842407891774
ENSG00000227467.3	-0.0667695240348199	0.00832683895925221	-8.01859197248318	1.07877788587924e-14	8823	-2.58878540892513	3.52124245430491e-14	-3.25838467911447	-1.91918613873578	98.167483914457	2.43982448003836	RP11-169D4.1	-0.788229516052468	0.45464903194104	0.182329727266978	-4.32309929854881	1.53852443620514e-05
ENSG00000117399.12	0.0943901236897025	0.0059626795859488	15.8301519189686	1.408131468095e-44	9032	2.57076763265535	1.51878515640156e-14	1.91520534161781	3.22632992369288	98.2554153901717	2.35869093442837	CDC20	0.91128956331868	2.4875282911652	0.185306985963897	4.91772913243662	8.75539461714047e-07
ENSG00000076003.4	0.156844648176988	0.0130429198925945	12.0252711408617	8.07775636200406e-29	9207	0.907154306919979	5.90641573131694e-12	0.648796485539233	1.16551212830072	98.23861564791	0.369370168716096	MCM6	0.572689775102539	1.77302969447122	0.178772409760565	3.20345726652988	0.00135788190443207
ENSG00000166508.16	0.157468527862053	0.0153621964815822	10.2503914756488	3.7774229387221e-22	9231	1.04140746692818	1.36964673455581e-19	0.815985874239012	1.26682905961734	97.7210709648469	0.261064947356098	MCM7	0.663824023089241	1.94220518939272	0.180409761578142	3.67953495022892	0.00023365966608924
ENSG00000183763.7	0.131831936222609	0.00881784337382464	14.9505871939103	8.30849919831797e-41	9270	1.34255126318838	8.33201873194297e-19	1.04540752575287	1.63969500062389	97.6999526990434	0.474118753721208	TRAIP	0.53410135055389	1.70591453407327	0.178572103767514	2.99095625400284	0.0027810533061838
ENSG00000090889.11	0.106292668852676	0.00656520759543599	16.1902982209684	3.88165419573604e-46	9298	2.80235781326284	1.18526054510447e-23	2.25446789319419	3.35024773333149	97.46773892728	1.62432961065085	KIF4A	0.613816193506986	1.84746825960701	0.180133303465513	3.40756640608939	0.000655449574553604
ENSG00000013810.17	0.129596550411241	0.0112223089559123	11.5481182099309	5.6810940819897e-27	9325	1.57538200611988	4.26021304752223e-16	1.19563537322274	1.95512863901702	98.0211441633222	0.776401140646957	TACC3	0.469135324893206	1.59861131602337	0.178093338434016	2.63421040347907	0.00843332104578862
ENSG00000111364.14	0.197423048687844	0.0295260867598408	6.68639397742217	7.32729868034920e-11	9365	0.563238065018659	5.26704308074677e-14	0.416539304339825	0.709936825697494	96.7525985704126	0.11665381161353	DDX55	0.492030293698465	1.63563366784786	0.180074915393544	2.73236443078792	0.0062881544038419
ENSG00000068489.11	0.101583149588088	0.00933050970335952	10.8872026092543	1.77646549933459e-24	9454	1.83006210346044	2.41798774533675e-16	1.39260310811653	2.26752109880435	98.1195194388042	1.06959141530024	PRR11	0.475636110508759	1.60903739761471	0.178221099632605	2.66879797896693	0.0076123221434138
ENSG00000245614.3	0.0851866535005532	0.00549313699274249	15.5078334316259	3.44481402921656e-43	9502	1.49939030778518	1.37086703966317e-14	1.11768700102007	1.88109361455028	97.4845779012939	0.767071555011369	RP11-551L14.5	0.572140610817327	1.77205627719386	0.178301130470123	3.20884455027724	0.00133269524066277
ENSG00000062822.11	0.188547999931911	0.0171323679762872	11.0053671619054	6.44410711714573e-25	9636	0.899813242361966	1.4348887453204e-17	0.693115718076978	1.10651076664695	96.8345484191482	0.22447446868054	POLD1	0.584087930398647	1.7933545753007	0.178324418178984	3.27542316617793	0.00105503808685492
ENSG00000142731.9	0.131461684331376	0.0108841121193484	12.0783103747782	5.00897708999853e-29	10005	1.43611522569958	5.50906923285946e-14	1.06177821960582	1.81045223179334	98.4817015648985	0.781330121469996	PLK4	0.528692615986912	1.69671260299893	0.178982938251594	2.95387158771377	0.00313814555716715
ENSG00000109674.3	0.0748812785802947	0.00461242506399452	16.234687293856	2.49020047278856e-46	10106	3.06279848964397	3.88249739437604e-17	2.34955066900619	3.77604631028175	96.507713670306	2.5856445466356	NEIL3	0.771184934132966	2.16232695136762	0.181721864270185	4.24376525758269	2.19800279341917e-05
ENSG00000164188.7	-0.0483905007716907	0.0049793965814856	-9.71814555836269	2.88139351631916e-20	10182	-2.96281530142085	9.73382426100683e-16	-3.68596459757674	-2.23966600526496	97.9282491489763	2.86396851572327	RANBP3L	-0.504508189785315	0.603802458632767	0.179409609452079	-2.81204664190561	0.00492273644436316
ENSG00000148773.11	0.106107696238903	0.00709084382351164	14.9640436145377	7.28260064602479e-41	10292	2.67876228210207	3.66082888056089e-18	2.07450862579496	3.28301593840917	97.2285996705443	1.99041075135309	MKI67	0.571512286306497	1.77094320052363	0.179395831210092	3.18576124345494	0.00144373690362815
ENSG00000164109.12	0.130060217737971	0.0108316704766972	12.007401630042	9.48673016070985e-29	10502	1.62655427354514	1.88430817395289e-19	1.27311103235203	1.97999751473824	97.5874770851357	0.678051210922504	MAD2L1	0.583225440522119	1.79180849197093	0.179222874190928	3.25419086796254	0.0011371584850376
ENSG00000119969.13	0.111369672230493	0.00952660723409226	11.6903814226687	1.61267508641699e-27	10616	1.47999758389062	1.17312709175888e-11	1.05237920302462	1.90761596475662	98.1366328223546	1.03941178260598	HELLS	0.517665522406227	1.67810557361913	0.177929672961848	2.90938275661994	0.0036214319000112
ENSG00000097046.11	0.126618126274781	0.0108205613035013	11.7016227461148	1.45945802463073e-27	10870	1.15579786054523	1.60226043334156e-11	0.819612956136074	1.49198276495439	97.2992173843714	0.611421631369245	CDC7	0.666844774747829	1.94808097912266	0.179792644977847	3.70896581909673	0.000208107516313256
ENSG00000123485.10	0.100666958678223	0.00595220685809798	16.9125437133062	2.74653027343036e-49	10997	3.00024095268299	9.11651670244456e-21	2.37104487793394	3.62943702743205	97.5367171039753	2.16431477645049	HJURP	0.6237257554303	1.86586687125683	0.179750393776551	3.46995487645861	0.000520545808655581
ENSG00000101057.14	0.0787650794640268	0.00589733038055181	13.3560567886408	3.7958160018981e-34	11084	3.30438583264598	4.21504251220862e-17	2.53399631532745	4.07477534996452	98.0885172410758	3.30116113451398	MYBL2	0.504409870140939	1.65600797229774	0.178532854279063	2.82530558410555	0.00472355434277266
ENSG00000164032.10	0.163683056216777	0.0176171895694042	9.29109921715582	8.41908684618198e-19	11211	0.723958403677279	1.01636010502373e-14	0.540567286901801	0.907349520452757	96.8194140134632	0.176605647984359	H2AFZ	0.612072326135151	1.84424932749966	0.180195402135076	3.3967144493306	0.000682000948048401
ENSG00000142945.11	0.104105648461719	0.00664672950642216	15.6626876964274	7.42965715900184e-44	11509	2.39673652380725	7.36804293714394e-15	1.79278722578797	3.00068582182654	98.8861505351008	2.07317922084452	KIF2C	0.81381739769197	2.25650554514582	0.183151662463762	4.44340710176731	8.85453976009016e-06
ENSG00000166803.9	0.112953881884072	0.00963626843303605	11.721745058163	1.22048672013799e-27	11526	2.32265787151108	4.18387472613253e-16	1.76293085755474	2.88238488546743	98.1718026317726	1.69996751919797	PCLAF	0.621563470411711	1.86183669404059	0.179601900676969	3.46078447983494	0.000538603821935202
ENSG00000140525.16	0.138829353441682	0.0105780296758908	13.1243112087404	3.34246385684626e-33	11607	1.67767603924095	2.26723915036731e-19	1.31230236761336	2.04304971086855	98.1181598334151	0.730881765282806	FANCI	0.555024889099906	1.74198434065682	0.178191779912524	3.11476146302805	0.00184093718655434
ENSG00000163918.9	0.169477346467579	0.0137136379483518	12.3583068990054	3.95466183862845e-30	11969	1.18744871774255	4.28548641157675e-14	0.879272126227708	1.49562530925739	98.7631661579141	0.5299717707469	RFC4	0.492251258652279	1.635995125499	0.178776056595474	2.75345182138189	0.00589704491007205
ENSG00000263400.5	-0.0785404508772768	0.0094838725034459	-8.28147477190775	1.65233874584826e-15	11974	-1.72716492554773	8.63134883155996e-12	-2.22296923191653	-1.23136061917892	99.0387148833749	1.42262621879013	TMEM220-AS1	-0.883171949867955	0.413469325495769	0.184906946299686	-4.77630487951796	1.78545631179853e-06
ENSG00000197275.11	0.160958124404803	0.0130354927963494	12.3476823561192	4.3567299194003e-30	12158	1.08375370108236	1.73408405417474e-11	0.767985251092485	1.39952215107224	97.6083466236134	0.564754414990206	RAD54B	0.46365421627329	1.58987312312788	0.17787639448453	2.60660903104607	0.00914437057490869
ENSG00000145386.8	0.10876008260518	0.00730797532478941	14.8823822976324	1.61954451056435e-40	12167	2.19141974880241	3.99598392486834e-20	1.72395931137935	2.65888018622547	97.2273752992072	1.17755175199962	CCNA2	0.531142834559231	1.70087501706036	0.178799109042532	2.97061231123296	0.00297206709948924
ENSG00000159259.7	0.0993237640382451	0.00921953637032848	10.7731842522908	4.69943937154934e-24	12241	1.22478324942344	4.28835926814272e-13	0.893498861793282	1.55606763705361	98.3351954910479	0.594280602159264	CHAF1B	0.508346496171411	1.66253990484054	0.177846328240528	2.8583468728345	0.00425854590100118
ENSG00000071539.12	0.113960782228284	0.00756196583208398	15.0702588134913	2.57026585296081e-41	12324	2.09660940499984	6.59357064298455e-23	1.67958877718387	2.51363003281581	97.3359894210464	0.95015667491884	TRIP13	0.809915522343718	2.24771809669906	0.182677246894027	4.43358730282134	9.2677953566993e-06
ENSG00000168393.11	0.170301962540613	0.0162950091244961	10.4511731929379	7.10996019150378e-23	12435	0.885015253178676	1.46730262447407e-11	0.628079570117405	1.14195093623995	97.9861004884931	0.369212021179163	DTYMK	0.621735204198981	1.86215646176401	0.181128899448511	3.43255662730794	0.000597919004766489
ENSG00000138160.5	0.125544648808039	0.0107881808147711	11.6372399539452	2.58358179828874e-27	12579	1.72069029820716	7.40763790345434e-11	1.20281457444007	2.23856602197425	98.7671690467599	1.51011101571069	KIF11	0.618288067977996	1.8557484058418	0.180213298188453	3.43086816674004	0.000601652920306757
ENSG00000174371.15	0.111751095169485	0.00662034241856779	16.8799569726275	3.81501470881507e-49	12878	2.41908861131769	1.30286134327583e-14	1.80377501552635	3.03440220710903	98.4210604036048	2.1344382924519	EXO1	0.621489792647143	1.86169952312827	0.179681226283316	3.45884656679266	0.000542493846832419
ENSG00000160957.11	0.121375819893698	0.009470858562223	12.8157145517765	5.9100966574291e-32	12907	1.82101885641226	5.45875871774371e-18	1.4080851333667	2.23395257945782	98.3089334531982	0.964409519885253	RECQL4	0.482775238628716	1.62056562352361	0.177765181315238	2.71580314579486	0.00661152169438317
ENSG00000278259.3	0.212268930554089	0.0184221446682842	11.5224874397786	7.12204217709839e-27	12915	0.957461740029303	2.35369180006553e-13	0.701341690878111	1.2135817891805	98.0915517159811	0.371230788263871	MYO19	0.495224448407489	1.64086648759914	0.177607592847293	2.78830674110472	0.00529843496669417
ENSG00000106462.9	0.159978099594406	0.0103424281336133	15.4681374168288	5.10109756098088e-43	13187	1.89849405467729	1.45622097041729e-14	1.41470468364478	2.38228342570981	98.6652619270193	1.31386252169201	EZH2	0.609118189577004	1.83880920253128	0.180096071605302	3.38218476476236	0.000719117597145663
ENSG00000188486.3	0.122802946432341	0.0141296658172118	8.69114301930277	8.17394123323929e-17	13284	1.08704911121882	4.83331179913396e-19	0.848088646706733	1.3260095757309	95.5566641989685	0.28943677058076	H2AFX	0.565743466928831	1.76075636034309	0.180668504942756	3.13138954190208	0.00173981220056508
ENSG00000143476.16	0.112315615304915	0.00719423611413941	15.6118889515138	1.22941168302773e-43	13967	2.39495251255574	5.25154437259269e-21	1.89580227639365	2.89410274871784	97.2383974415578	1.34993768836762	DTL	0.474877931220537	1.60781792113519	0.178138075474016	2.66578568313884	0.00768086408910366
ENSG00000011426.9	0.103857214719906	0.00653440425119026	15.893907191461	7.46709689342002e-45	14078	2.3163421629886	9.34573039570463e-14	1.70693974779918	2.92574457817802	98.2356181967394	2.05262728007755	ANLN	0.635289630819954	1.88756876038386	0.179787853328454	3.53355145555548	0.000410016269375294
ENSG00000146670.8	0.124406071007948	0.00742146040111715	16.7630175577331	1.23938257294612e-48	14142	2.23069877142256	6.88563997784408e-21	1.7643668661438	2.69703067670132	97.8597994650069	1.17137195351667	CDCA5	0.769401391007803	2.15847378516462	0.182201026158506	4.22281590411275	2.41268884191306e-05
ENSG00000182481.7	0.157833158152584	0.0146459698445125	10.7765590007493	4.56642238803164e-24	14562	1.22268534884771	1.20203197558741e-11	0.869229470751349	1.57614122694407	98.3421742950515	0.687455056472659	KPNA2	0.849018921259106	2.33735259974341	0.183555517003195	4.62540671683722	3.73864041816637e-06
ENSG00000165304.6	0.104154487627551	0.00585281130758577	17.7956339533034	3.58250998744616e-53	14955	3.00237362688148	7.52938681195864e-19	2.33871144728049	3.66603580648247	98.2395150281125	2.42490489416229	MELK	0.540723748113369	1.71724926845426	0.178365918875399	3.03154185240457	0.00243308187728431
ENSG00000125970.10	0.199593186336068	0.0242331735557957	8.23636185646567	2.28681946579085e-15	15035	0.512924372771376	2.04902048664681e-16	0.390611259633361	0.635237485909392	95.3840328642133	0.0746694757342611	RALY	0.611913024571246	1.84395555909707	0.182277066350271	3.35704889717377	0.000787791791793075
ENSG00000111206.11	0.106390796874224	0.00690424388700266	15.4094783752507	9.10745136206168e-43	15159	2.62576537454203	3.71637308541796e-18	2.03334966585873	3.21818108322534	98.4477696235964	1.95278535595669	FOXM1	0.580306027234693	1.78658509079426	0.178789230411369	3.24575493668993	0.0011713962907277
ENSG00000087586.16	0.140144618962291	0.00914223228746726	15.3293653623754	2.00808944609234e-42	15164	1.96705226751278	2.70879158156758e-18	1.52507784368337	2.40902669134219	98.5250197485053	1.07837531156325	AURKA	0.48470644462976	1.62369829352277	0.178150004230813	2.72077705932451	0.00651286689002841
ENSG00000274736.3	-0.0561262230888898	0.00555430432730894	-10.1049960141602	1.2512093866861e-21	15198	-3.07248236031193	7.95147535440647e-13	-3.91330391090649	-2.23166080971738	98.0325096506793	3.85651834008619	CCL23	-0.53489309943768	0.585731901867799	0.179157978240346	-2.98559463938638	0.00283027544587419
ENSG00000072571.18	0.117780410099956	0.00731596826071116	16.0990870794876	9.65555154891647e-46	15450	2.19316488874307	2.49733808467642e-16	1.6686612309555	2.71766854653064	97.4240852402738	1.51507071447538	HMMR	0.724173334963407	2.06302496425471	0.180593102907006	4.00997227084752	6.07258788699406e-05
ENSG00000029559.6	0.0163213530699712	0.00237762239170751	6.86456904464543	2.41316716643526e-11	15608	5.75261149167315	1.3711184234293e-21	4.57127974544069	6.93394323790561	92.0712519134243	6.85144959241238	IBSP	0.524530910053588	1.68966605708824	0.179759514225262	2.91795909837786	0.00352330562236956
ENSG00000113569.14	0.227256775142287	0.0256226118396757	8.86938367424307	2.14366460195288e-17	15856	0.685239965410066	1.34935757258324e-11	0.486659866078962	0.88382006474117	98.517030237332	0.223888119264849	NUP155	0.507419530697365	1.66099950181005	0.178620562284899	2.840767738084	0.0045005076992488
ENSG00000145708.9	-0.0703021564943768	0.00377964463863853	-18.6002027216242	9.82346953245902e-57	16064	-3.80079031027259	1.17439155119566e-18	-4.64567053728454	-2.95591008326065	98.1250401351004	3.86424606367707	CRHBP	-0.533933077565143	0.58629448730899	0.17874371799863	-2.98714317651844	0.00281597807322113
ENSG00000101464.9	0.213647069675721	0.0190597113671196	11.2093549351586	1.10397069320143e-25	16124	0.587561737887475	2.16180877446632e-18	0.45592796931548	0.719195506459471	96.2694672049719	0.0926452948002842	PIGU	0.607153347535311	1.83519978003724	0.180699302775853	3.36002042181894	0.000779367113012923
ENSG00000115241.10	0.253822481926698	0.0298879503315227	8.49246867420655	3.55623863528224e-16	16189	0.553355056814363	4.23716081165179e-15	0.415154672858119	0.691555440770606	97.198054279849	0.101219231621021	PPM1G	0.573914115393069	1.77520181559884	0.182060170936775	3.15233206933754	0.00161971958128889
ENSG00000165891.14	0.0833343104029851	0.00624338358753701	13.3476198017588	4.10974893474626e-34	16431	2.75397259113759	8.71502572153095e-15	2.05810072232327	3.4498444599519	98.2144805051074	2.69313884897667	E2F7	0.500815518939624	1.65006638253008	0.177403258822864	2.82303449363173	0.00475714531416851
ENSG00000167513.7	0.108585534567874	0.00715548511597256	15.1751464517043	9.1710616279792e-42	16776	2.34997546552248	1.10703589041561e-24	1.90090508076881	2.79904585027615	97.249040784945	1.08540806234191	CDT1	0.542595567964737	1.72046665997396	0.17836411961893	3.04206680762913	0.00234959739846492
ENSG00000164611.11	0.103169007797205	0.00690415787246209	14.9430255945776	8.94702641471911e-41	16789	2.19146064902301	1.18099854468245e-16	1.67303226961939	2.70988902842663	98.004865732203	1.43353212807902	PTTG1	0.517643954537156	1.67806938084813	0.179110675889159	2.89007872907305	0.0038514535687216
ENSG00000198826.9	0.124024897076794	0.00944845785452287	13.1264698415758	3.27564821638431e-33	16824	1.77125114813002	3.5393883295897e-14	1.31306991155582	2.22943238470423	98.3439247971094	1.16437081263663	ARHGAP11A	0.556407796184377	1.74439500962396	0.179483588859935	3.10004830925565	0.0019348908148763
ENSG00000184445.10	0.123091604772978	0.0116935804982623	10.5264255709592	3.78398729338663e-23	17129	1.3707305048787	3.45483947547017e-16	1.04134254103353	1.70011846872387	98.4804495737377	0.616646022603462	KNTC1	0.497494620320273	1.64459576806418	0.178309726680344	2.79005879029882	0.00526984715066288
ENSG00000121152.8	0.117918908344019	0.00831371142033937	14.1836662811668	1.42829474602717e-37	17136	2.31203169982433	1.38195318869783e-16	1.76384135578967	2.860222043859	98.1732022302206	1.66108533014682	NCAPH	0.627143483965602	1.87225480760392	0.180332821018327	3.47770017916965	0.000505735265517326
ENSG00000112936.17	-0.0402157294001961	0.00438802545614494	-9.16488060566706	2.24114147627544e-18	17522	-4.3459801420586	6.67916750358652e-21	-5.25420466610055	-3.43775561801665	98.3254543582606	4.66804584691284	C7	-0.508709860944781	0.601270801576033	0.178073235446374	-2.85674520188058	0.00428009270383037
ENSG00000106636.6	0.233965032933126	0.0245014195207759	9.54903991316651	1.10891079743352e-19	17539	0.507377010677185	5.56595020552721e-11	0.355668721178946	0.659085300175425	97.7492894706849	0.126225016143965	YKT6	0.497900216665061	1.64526294538955	0.178579997479749	2.78810742351771	0.00530169604777046
ENSG00000120907.16	-0.0407378112236065	0.00396356473998515	-10.2780738794642	3.00382605830606e-22	17617	-4.10953648783787	9.51438716275233e-19	-5.02061459780514	-3.19845837787061	97.6604449228935	4.40076523730936	ADRA1A	-0.596913970427624	0.550507901048374	0.18073671490749	-3.30267135115936	0.000957685568735276
ENSG00000013573.15	0.113616255752171	0.0136119635046376	8.34679403257748	1.02993254579354e-15	18064	1.05741698899554	9.89826670736318e-15	0.789671480415443	1.32516249757563	93.3842114858958	0.36238865483408	DDX11	0.519675736586156	1.68148231809134	0.178279901879638	2.91494291340257	0.00355753609692364
ENSG00000187824.7	-0.096935608121602	0.0101793127903858	-9.52280474308209	1.36498781212815e-19	18384	-1.63691295802068	1.08523448534811e-12	-2.0875636235958	-1.18626229244556	99.2957993259531	1.19326110134928	TMEM220	-0.776934824856048	0.459813261649508	0.183053784799335	-4.24429806631822	2.1927872714398e-05
ENSG00000170312.14	0.10367850962976	0.00659115626102052	15.7299425964007	3.81159882446693e-44	18487	2.11587499921516	1.05491067993198e-12	1.53368296366461	2.69806703476571	98.6394271050317	1.91752092457732	CDK1	0.490931389451802	1.6338372502905	0.17826651001198	2.75391821727372	0.00588864809109478
ENSG00000136108.13	0.13951575875942	0.0148494924399781	9.39532171374512	3.72713339570186e-19	19007	1.1549747085895	5.90279165289858e-16	0.875204226470326	1.43474519070868	97.5785761264711	0.426161003212912	CKAP2	0.486490827094118	1.62659817876789	0.177462334860159	2.74137510631467	0.00611826156773146
ENSG00000134690.9	0.122479572084965	0.00794322962718534	15.4193669116381	8.25996968654668e-43	19014	2.22002470919002	2.13359589127837e-15	1.67155733917213	2.76849207920791	98.6056935918724	1.69099285878565	CDCA8	0.772375879799282	2.16490369935838	0.182159415596635	4.24010956155894	2.23410715175268e-05
ENSG00000119203.12	0.256080786027049	0.0322849445181313	7.93189487698307	1.98427287548195e-14	19022	0.526995469197949	5.94838079644174e-11	0.369182245412948	0.68480869298295	98.4625357748919	0.139100662822526	CPSF3	0.472377856606317	1.60380327691241	0.178041384614329	2.65319132194785	0.00797346620019558
ENSG00000169607.11	0.0986282709482354	0.00687451894187915	14.3469342047191	2.95589592186524e-38	19343	2.61835807653503	1.27793561153755e-19	2.0520648556454	3.18465129742465	97.4656903836278	1.76511512290181	CKAP2L	0.598201483969509	1.81884463571994	0.179847431495337	3.32616084086259	0.000880511035941616
ENSG00000092853.12	0.0812909270403862	0.00681982372504954	11.919798856648	2.08310686667376e-28	19375	2.15442239217039	2.69348317743608e-13	1.57668932178645	2.73215546255433	97.6305466522207	1.84773557982547	CLSPN	0.658057808241768	1.9310382434386	0.180340082269208	3.64898252214077	0.000263281013565624
ENSG00000163815.5	-0.0632545767812804	0.00938905475514133	-6.73705484001389	5.35526112076308e-11	20222	-2.88093589993374	8.20316590796549e-15	-3.60816910782049	-2.153702692047	98.9276394891287	3.00673239363598	CLEC3B	-0.8876717927064	0.411612958325179	0.184171886291383	-4.81980073387526	1.43701681298478e-06
ENSG00000237649.6	0.109579106211042	0.00682364343919328	16.0587385884859	1.44439100485569e-45	20302	2.30319066627815	9.17229803504374e-16	1.74154891330407	2.86483241925224	98.3619824413876	1.74439774615771	KIFC1	0.600594932530014	1.82320316066703	0.179284389111006	3.34995665550194	0.000808242068818476
ENSG00000165480.14	0.110103742808933	0.00672819717043376	16.3645238122288	6.78720651403154e-47	20375	2.58654030002238	3.34121821959643e-21	2.05016567953204	3.12291492051272	97.9102525312786	1.59070937102316	SKA3	0.574532980786163	1.77630076658456	0.179446365103214	3.20169751254478	0.00136620378426528
ENSG00000143228.11	0.105483946394891	0.00604650627228283	17.4454373558544	1.2540942375208e-51	20444	2.61330062582847	1.19018380968608e-16	1.99500980121332	3.23159145044361	98.1650737684649	2.08948302809283	NUF2	0.533597035572381	1.70505443271579	0.178497141629864	2.98938700474466	0.00279537820042962
ENSG00000169762.15	-0.212914114957868	0.018694784532924	-11.3889579515023	2.30285490278994e-26	20549	-0.671221409675491	3.05916728905378e-13	-0.851639935757268	-0.490802883593715	98.0453901909803	0.182384352909099	TAPT1	-0.592534564132212	0.552924085681289	0.179469189144383	-3.30159492533014	0.00096136798418349
ENSG00000169679.13	0.110966098202952	0.00688808938087726	16.1098516681587	8.67154430035915e-46	20946	2.65715167772868	2.22421207266902e-22	2.12196230164265	3.19234105381471	97.7219939965908	1.57491428867587	BUB1	0.61780055933936	1.85484393294991	0.180104296209429	3.43023776968079	0.000603052555834587
ENSG00000077152.8	0.143166713532387	0.00762286852082868	18.7812124977886	1.54433807116489e-57	21092	2.04836298317026	4.69518628350141e-18	1.58479883217013	2.51192713417039	98.211934053058	1.18401292632638	UBE2T	0.56309150242017	1.75609308312294	0.179090653024446	3.14417024512893	0.00166558510354308
ENSG00000152253.7	0.116601725102597	0.00732222162870292	15.924364354873	5.51378828268252e-45	21266	2.18960753415797	3.1251544812512e-18	1.69671215924604	2.6825029090699	97.0016397706478	1.30862535976326	SPC25	0.562899778705975	1.75575643070773	0.179399903872431	3.13768160715542	0.00170289745033609
ENSG00000102384.12	0.106405200584748	0.00735942202153504	14.4583637510374	1.00527115100749e-38	21362	1.8860250773105	2.3109077991856e-20	1.48626516583562	2.28578498878537	97.9236025112604	0.885010825576595	CENPI	0.596962680695676	1.81659284008449	0.179518411194922	3.32535630591947	0.000883056055346108
ENSG00000177602.5	0.0748851534003266	0.00676403136736402	11.0710831060959	3.65712720554444e-25	21872	1.88830052563605	1.82160935113431e-12	1.3631496117352	2.41345143953689	96.938544986839	1.44055419283095	GSG2	0.55785431867628	1.74692014213032	0.179196024605037	3.11309539319211	0.00185136167050852
ENSG00000112984.10	0.0977215844457567	0.00615235603256239	15.8836036030016	8.2735612761723e-45	21892	2.81355961158457	8.71127480607887e-18	2.17158090967541	3.45553831349373	97.8975442426334	2.28272283186704	KIF20A	0.648345909842791	1.91237497081216	0.180029146209947	3.60133858040242	0.000316582961661931
ENSG00000139579.11	0.21426795382255	0.0216852220799648	9.88082819868901	7.7736093154421e-21	21960	0.518212345906406	6.06412423021331e-11	0.362960973272029	0.673463718540782	97.6455529862597	0.134834448523926	NABP2	0.544424598980174	1.7236163263968	0.179230158724225	3.03757248699345	0.0023849203746747
ENSG00000065328.15	0.0919077697075151	0.0069583440620927	13.2082818681251	1.52231960366402e-33	22037	2.77726054959007	1.73039136305544e-20	2.19055467389527	3.36396642528487	97.7323886225257	1.87560006001124	MCM10	0.575537779968831	1.77808648913904	0.178780648317524	3.21923980802803	0.00128530946525041
ENSG00000198554.10	0.135070443926657	0.011507373543075	11.7377300233676	1.05875405287366e-27	22231	1.22899710195167	4.76081557280611e-14	0.909457529505319	1.54853667439802	98.6128630904354	0.57444598834102	WDHD1	0.496054061871699	1.64222833735656	0.178500514489599	2.77900634230723	0.00545254604938687
ENSG00000182379.9	0.0514753549274513	0.00481823968979331	10.6834359105243	1.00665862675387e-23	22425	2.93348192837097	1.92691793581531e-11	2.07680956707918	3.79015428966276	98.1555866125158	4.00614476368773	NXPH4	0.54371517819296	1.72239399077209	0.179917382001544	3.0220269556184	0.00251088187888031
ENSG00000130726.10	0.159069445225168	0.0229942379859418	6.91779589836461	1.72433416452237e-11	22623	0.490854390352445	1.26580940259846e-11	0.348800826637683	0.632907954067207	96.7237463074739	0.103845034658812	TRIM28	0.601800202453965	1.82540193739539	0.1808728851252	3.32719966310816	0.000877234943954258
ENSG00000116194.11	-0.0551879009805417	0.00632607957180146	-8.72387081985849	6.40161683330356e-17	22739	-3.47531504904539	3.46236358961559e-16	-4.31046378240408	-2.64016631568669	98.9678966605801	3.94019841825672	ANGPTL1	-0.499013574619811	0.607129252134077	0.177667277958355	-2.80869713519661	0.00497424176723055
ENSG00000170271.9	-0.0854484971158536	0.0107972475343935	-7.91391480501545	2.25027557215898e-14	22782	-1.70084372543005	1.13995377332792e-13	-2.14989822272182	-1.25178922813828	98.3486568171054	1.09322085636389	FAXDC2	-0.596534052221778	0.550717088757037	0.178996982447386	-3.33264865175659	0.000860235018103494
ENSG00000183856.9	0.106051721260403	0.00598360934376485	17.7237040668293	7.44223960918998e-53	23037	2.78790851483987	5.6607565763284e-26	2.26947455215069	3.30634247752904	96.9236615117461	1.46078772698806	IQGAP3	0.584350674324014	1.79382583022836	0.179702145928091	3.25177349055055	0.00114687379481283
ENSG00000186185.12	0.0935526012611708	0.00595713394549346	15.7042970860078	4.91669733291798e-44	23158	3.08195342435422	1.9892355883891e-22	2.46192591533921	3.70198093336922	97.0396443595409	2.085225729202	KIF18B	0.604994675798858	1.83124245895663	0.179193983667971	3.37619971058768	0.000734945506206367
ENSG00000118193.10	0.108857225779543	0.0078244306797528	13.9124787776869	1.92828954081265e-36	23219	2.68344352439345	1.80211716096335e-17	2.06511266948328	3.30177437930362	97.5704049800057	2.12717222783382	KIF14	0.461922179293428	1.5871217874807	0.177895877609357	2.59658731557438	0.00941549716212102
ENSG00000126215.12	0.187053883155819	0.014412343485356	12.9787278068885	1.30057678758299e-32	24200	0.812378729610878	5.68684316274437e-12	0.581194198907632	1.04356326031412	96.3370805723363	0.281633826966591	XRCC3	0.477368685976964	1.6118275927511	0.177938824974051	2.68276856412073	0.00730154998937281
ENSG00000073111.12	0.119401421125552	0.00958967879772402	12.4510344552823	1.69592770630991e-30	24290	1.59488554902201	7.04796526075054e-16	1.20751997533921	1.98225112270482	98.525999302308	0.828075133949761	MCM2	0.630939191715979	1.87937484392792	0.179271874894866	3.51945441573585	0.000432435340239593
ENSG00000121621.6	0.103020276119446	0.00710638195092951	14.4968672991143	6.92077676252895e-39	24372	1.93050239376378	1.41168426662347e-11	1.3705079851804	2.49049680234716	99.0171378880858	1.7984608044005	KIF18A	0.501094797315069	1.65052727474439	0.17832621370024	2.80998955182996	0.00495431082878552
ENSG00000227440.1	0.0301318138658558	0.0032480228689216	9.27697097029986	9.39820156162186e-19	24422	2.83022247577857	1.57542827364529e-16	2.15789508856985	3.50254986298728	81.5162419529631	1.84120542792263	NA	0.831051272504076	2.29573091090108	0.184143756510106	4.51305701726828	6.38998344760114e-06
ENSG00000117791.14	-0.104854444535488	0.0142735938372167	-7.34604373161388	1.07534507679655e-12	24840	-0.989519082101982	8.0253941047424e-12	-1.27313932299762	-0.705898841206341	97.5899871964101	0.420670925956768	MARC2	-0.683249824915149	0.504973248228369	0.18141175225432	-3.76629306770217	0.000165689290076437
ENSG00000140534.12	0.0866735974553365	0.00551238189868788	15.7234384424576	4.0658655934326e-44	25255	2.02607588253582	9.73968673866136e-14	1.49264892913268	2.55950283593896	98.3173503479375	1.57673789801494	TICRR	0.585491573776578	1.79587357304827	0.178417898719046	3.2815742029254	0.00103229359211445
ENSG00000122565.17	0.251161833247728	0.0309947478410332	8.10336752974712	5.91793206572438e-15	25745	0.704714575767548	2.05778809425865e-12	0.508254428117197	0.901174723417899	98.5769045985149	0.217179289534938	CBX3	0.634342379251392	1.88578160449156	0.179553580796306	3.53288626402289	0.000411049268271508
ENSG00000185803.7	0.124209259907421	0.0146349228341353	8.48718242761817	3.69695971869689e-16	25807	1.05347991915217	2.38338614451853e-25	0.855014875236079	1.25194496306826	95.9243684628328	0.211246843696678	SLC52A2	0.547380985857038	1.72871954290913	0.178214015713328	3.07148112714966	0.00212999628894925
ENSG00000186642.14	-0.101159680145407	0.0103106285173651	-9.81120403814716	1.36406145820912e-20	25867	-2.33186788583441	5.65331120204275e-17	-2.87776444651696	-1.78597132515185	98.5250224088221	1.61998811125192	PDE2A	-0.76132546140015	0.467046963840713	0.180698716469967	-4.21323115223504	2.51743193654565e-05
ENSG00000100162.13	0.0995571529809212	0.00690953706370865	14.4086574922408	1.62695557864856e-38	25990	2.23410472677778	4.02434365810596e-19	1.7441069716152	2.72410248194035	96.9338735825144	1.25542576017322	CENPM	0.591224030450386	1.80619790411532	0.179401013734847	3.29554453535145	0.000982311322033009
ENSG00000254726.2	0.0819692120870508	0.0110325657386866	7.42975061545463	6.16223645061773e-13	26120	1.74436979425138	2.36086740018315e-12	1.25674351317238	2.23199607533038	98.0671166971718	1.33551831296516	MEX3A	0.668469685886135	1.95124901079188	0.182524748733484	3.66235094432158	0.000249911169461573
ENSG00000186871.6	0.107150378265491	0.0077346680017343	13.8532614769588	3.3960172605048e-36	26196	2.26917682247371	1.1049609054049e-20	1.79225647852128	2.74609716642614	97.9047873443855	1.23239773552154	ERCC6L	0.542521496669948	1.72033922750041	0.178525851763162	3.03889599916136	0.00237446809813312
ENSG00000164128.5	-0.0592386562765626	0.00552844587509346	-10.7152457697818	7.68772209235319e-24	26514	-2.73029416004783	3.49514241902442e-24	-3.25778423060181	-2.20280408949385	96.8839103103588	1.42992061887934	NPY1R	-0.52819920417436	0.58966588200725	0.178141359076642	-2.96505655347062	0.00302627291413403
ENSG00000163808.15	0.0893789758537811	0.00695963280492036	12.8424844182284	4.61177158317567e-32	26588	1.89195519106154	2.66659520945893e-14	1.40490749175563	2.37900289036745	98.1048724572806	1.31780745510894	KIF15	0.644193796386658	1.90445103488725	0.1796258140943	3.5863096829082	0.000335390635408805
ENSG00000120156.19	-0.0713197756499124	0.00860100913414187	-8.29202417269936	1.53115456114081e-15	26661	-1.87236515462479	2.95174998750588e-12	-2.39811973938408	-1.3466105698655	98.6433060476405	1.52955529764685	TEK	-0.637171539790613	0.528785960892226	0.179721998634508	-3.54531746047628	0.000392140489575038
ENSG00000198901.12	0.13130227659794	0.00788414746692937	16.6539600062907	3.71376005643873e-48	26787	1.90539938028059	4.08447691199316e-19	1.48741862743837	2.3233801331228	98.4585728672985	0.958886355788211	PRC1	0.555332731075759	1.74252067910766	0.178342105381495	3.11386214650678	0.00184655743002892
ENSG00000101189.6	0.219926905668843	0.0223435437733515	9.84297333940122	1.05567590518189e-20	27006	0.813381131066795	1.3516610030512e-16	0.620587427640863	1.00617483449273	98.3755921058049	0.210980859344301	MRGBP	0.54635117195282	1.72694019984072	0.179760138558712	3.03933439489631	0.00237101517854765
ENSG00000129810.13	0.108146372240936	0.00800438886023993	13.5108843572218	8.80046314887066e-35	27089	2.24971196520264	1.84134770609111e-12	1.62391652495254	2.87550740545274	98.1539283071507	2.17672404151458	SGO1	0.691700226823849	1.99710818519347	0.180830228887278	3.82513604655683	0.000130699890213986
ENSG00000089685.13	0.101013003471646	0.00621771633051708	16.2459974212503	2.22379932736029e-46	27200	2.8758468966213	2.63397348891152e-19	2.24838012314884	3.50331367009376	97.479743351399	2.11241750247446	BIRC5	0.682710800267821	1.97923577953255	0.181405072666513	3.76346036101694	0.000167578299683587
ENSG00000112964.12	-0.0833693938258336	0.00697849795652506	-11.9466100506458	1.63791697751531e-28	27655	-2.1722738891359	2.39649584391009e-14	-2.73047365178905	-1.61407412648274	98.3640854053728	1.70673238933251	GHR	-0.562907340060949	0.569550776624823	0.178414472184527	-3.155054257475	0.00160468260245095
ENSG00000101003.9	0.108119119821658	0.00862803960233921	12.5311339313215	8.14314247503948e-31	27952	1.74586842390743	3.24365761107515e-11	1.23014767586135	2.2615891719535	98.8448676301276	1.52852504038032	GINS1	0.56141205293205	1.75314628868224	0.178541772055465	3.14442971226724	0.0016641088203777
ENSG00000111665.10	0.118087319281502	0.00773046951401972	15.2755688470594	3.41267851307545e-42	28267	2.05599934559195	5.66706732728546e-16	1.55827812064786	2.55372057053605	98.1890669276259	1.33552885731771	CDCA3	0.513450776642565	1.6710476693459	0.177973433477218	2.88498550941476	0.00391431678301095
ENSG00000108106.12	0.127530302611181	0.0118059122037753	10.8022404715494	3.66953241806415e-24	28299	1.42646723076795	1.00891984463243e-20	1.12697144103369	1.7259630205022	96.7466257363842	0.464715179619507	UBE2S	0.527828849789674	1.69524767277572	0.180603035896377	2.92259123535732	0.00347131905092825
ENSG00000101412.12	0.107382102980543	0.00658825358981442	16.2990239396004	1.30801687684347e-46	28578	2.0352725178298	3.87215178905662e-19	1.58909662228033	2.48144841337928	98.0067804911249	1.07252255921978	E2F1	0.542023692596605	1.71948304874775	0.179334194155035	3.02242243957126	0.0025076033400288
ENSG00000166856.2	-0.0438086754087933	0.00409192932772624	-10.7061173104709	8.30648139858346e-24	28698	-2.51695062969737	1.24312011403982e-14	-3.15665876862476	-1.87724249076997	97.0392336251063	2.11819058490717	GPR182	-0.49185751802866	0.611489485853143	0.177996852097333	-2.76329335172569	0.00572213130709272
ENSG00000141858.10	0.178909087554356	0.0200469219116332	8.92451660873359	1.41181858187284e-17	28781	0.702602770540989	8.57917324303185e-21	0.55535754729904	0.849847993782937	94.1505164323919	0.105907683178628	SAMD1	0.499756283638708	1.64831949931237	0.178828800547159	2.79460736810632	0.00519627825025685
ENSG00000185298.11	0.194970348345073	0.0201074278736285	9.69643405265085	3.42848511244679e-20	28809	0.704215098515875	8.37938649835274e-13	0.511304622791528	0.897125574240222	97.4888142874928	0.206647123340862	CCDC137	0.641143936881237	1.8986515750601	0.18147973657437	3.53286790571518	0.000411077811961225
ENSG00000185480.10	0.129098728110719	0.00902495754831193	14.304635497689	4.44817956402038e-38	29395	1.42345285651476	1.54360168379824e-12	1.02886823549856	1.81803747753096	98.3344134260259	0.882043251413399	C12orf48	0.470288019192191	1.60045508862258	0.178192324505645	2.63921591739095	0.00830980364017787
ENSG00000162062.13	0.116557527947642	0.00851390525201204	13.690254295477	1.60546353967547e-35	29427	2.13850615341147	7.66966517439638e-21	1.69090390058438	2.58610840623856	97.6949638955367	1.09856297781078	C16orf59	0.634720073879237	1.88649398859623	0.180380563856621	3.51878306791277	0.000433531045105715
ENSG00000134057.13	0.121666742522264	0.00787029613292366	15.458978984704	5.58448965257856e-43	29904	1.89692789227541	1.14183113484295e-14	1.41548131463539	2.37837446991543	98.8632687128603	1.30395957572954	CCNB1	0.678001957077823	1.96993777720869	0.181718677643883	3.73105266816059	0.000190681350770464
ENSG00000156970.11	0.0960364482963985	0.00641520079788981	14.9701390996192	6.86048336109132e-41	30305	2.52470923483561	4.59650474865762e-15	1.89334119313984	3.15607727653139	98.3212644057028	2.20599596351916	BUB1B	0.597029251047968	1.81671377533513	0.179562627050369	3.32490819974748	0.000884476523747651
ENSG00000146410.10	0.0942311151319978	0.00645650135003417	14.5947642575029	2.67493465754661e-39	30610	2.02036162052659	1.17401342118092e-17	1.5575183847973	2.48320485625588	97.6583134430781	1.17259987121927	MTFR2	0.480848428139844	1.61744610700599	0.177780857080734	2.70472555952119	0.00683608412422909
ENSG00000174175.15	-0.0577755144349651	0.00674250663599964	-8.56884798992849	2.02619227835087e-16	30614	-1.97420497790029	3.65105989070507e-13	-2.50659646779726	-1.44181348800331	97.9783735137599	1.56562147861939	SELP	-0.506755918731735	0.602446798517585	0.17859578798889	-2.83744608110948	0.00454760270202904
