	Estimate	Std. Error	t value	Pr(>|t|)	idx	beta	pval	cilb	ciub	i2	tau2	Symbol	coef	exp(coef)	se(coef)	z	Pr(>|z|)
ENSG00000127564.15	0.119694489708728	0.00859957508303596	13.9186516255721	1.01782629096718e-34	110	2.76921349380575	1.10269786567984e-29	2.28954649902054	3.24888048859096	96.1556344103586	1.1944206800276	PKMYT1	0.999950415760169	2.71814704786246	0.325024872063612	3.0765350645672	0.00209421669754858
ENSG00000109805.8	0.084614404767265	0.0108474365078264	7.80040562636308	8.93213739053082e-14	156	2.64258373434563	3.89813555234857e-17	2.02715878437046	3.25800868432079	98.0045271955996	2.08144528507763	NCAPG	1.01492163015656	2.7591471549724	0.330803703881674	3.06804796393572	0.0021546203224264
ENSG00000085999.10	0.118418894250159	0.0132373295022929	8.94582961235849	3.11282017033241e-17	500	2.27621217527604	7.28202761181619e-16	1.72309260308178	2.82933174747031	98.0341848333568	1.63832625318509	RAD54L	0.88381223547944	2.42010816506946	0.324251915775806	2.72569626416802	0.00641660154996455
ENSG00000160949.15	0.146688190591649	0.0206232995791888	7.11274110277064	7.56405855312456e-12	805	1.35134739408073	2.20219343988682e-15	1.01732533548871	1.68536945267276	98.3583962176322	0.629863087509277	TONSL	0.980064272278631	2.66462749810685	0.325212809361378	3.013609070944	0.00258160224905679
ENSG00000117650.11	0.0818398230808007	0.00934354693030284	8.7589674126192	1.19301838879714e-16	1087	2.84645485181449	4.63318582396444e-19	2.22106174672996	3.47184795689901	97.3825774353817	2.11795537155562	NEK2	1.27798341574742	3.5893941066924	0.348381460764715	3.66834507479871	0.00024412555099872
ENSG00000168078.8	0.070091739009638	0.0096166149438679	7.28860824923977	2.49541304949245e-12	1160	2.74949285758073	1.97517466689234e-14	2.04526622092747	3.45371949423399	97.6342423251211	2.65680027954731	PBK	1.08685253911208	2.96492737814338	0.330917569393066	3.28436033512959	0.00102214145363014
ENSG00000169684.12	0.0612676683967043	0.00907694132863246	6.74981430181117	7.02567580580575e-11	1203	1.50012172405388	6.88046029260265e-12	1.07153064689385	1.9287128012139	96.4355136765716	0.933469442679362	CHRNA5	1.08895173287312	2.9711578724169	0.321541634916508	3.38665856804477	0.000707493776113264
ENSG00000139618.13	0.115749801253164	0.015640679114853	7.40056108837649	1.22011635606172e-12	1303	1.44056064572077	4.01718745133764e-16	1.09361641820397	1.78750487323757	96.9700094468359	0.646775561368253	BRCA2	1.01507837207458	2.75957966288474	0.324898185640105	3.12429683186658	0.00178230558218872
ENSG00000126787.11	0.087281018022301	0.00915214820937013	9.53667008287094	4.00749019222824e-19	1581	2.92777335162189	1.66655082512055e-15	2.20723362692073	3.64831307632305	97.9743700985326	2.81778955074672	DLGAP5	1.36455906310386	3.91399684582601	0.360820667465618	3.78182068307906	0.000155685496351708
ENSG00000112742.8	0.0800258810186255	0.0118604021401886	6.74731599086848	7.13226215846401e-11	1778	2.41925695535574	8.54614154469056e-15	1.80815637324529	3.03035753746619	98.1183420642356	2.05559129806565	TTK	1.1481394597424	3.15232242746773	0.339442370361236	3.38242824111955	0.000718480459858185
ENSG00000131747.13	0.0830559209673069	0.00871123358352056	9.5343466767356	4.07788405037068e-19	2711	2.88347588622268	2.18886138609945e-16	2.19521227616569	3.57173949627966	98.2625074802646	2.66121179461265	TOP2A	1.38216173612482	3.98350361019407	0.359952961017364	3.83983988412905	0.000123114578211667
ENSG00000154839.8	0.0844717964610465	0.0106201506976867	7.95391693259553	3.19675304961876e-14	2788	2.57114511557337	2.09382163550638e-14	1.91195231329692	3.23033791784982	98.258898357498	2.42984608999464	SKA1	1.35766459112004	3.88710471427502	0.34989330048237	3.88022459775118	0.000104360051975993
ENSG00000136492.7	0.0861157950986646	0.011955872189955	7.20280325269928	4.29660401807809e-12	2888	1.82357960680848	3.12957614097459e-13	1.33321097618872	2.31394823742823	97.9658094552066	1.35477188024706	BRIP1	1.02336701340123	2.7825478851047	0.330899540656428	3.09268187973638	0.00198356642426733
ENSG00000024526.15	0.0687381990116975	0.00945277583588734	7.27174749566512	2.77756057891974e-12	2950	2.51522361457411	5.64405745398089e-14	1.85933065236402	3.17111657678421	97.5212787404813	2.34331146137578	DEPDC1	0.954484442720118	2.59733116468556	0.325603328064686	2.93143331302344	0.00337401797663551
ENSG00000051341.12	0.0998472528284712	0.0105247233831362	9.48692418733371	5.81531819422055e-19	3082	2.39362027948115	4.81421628004271e-15	1.79458993885613	2.99265062010618	97.8507268776111	2.010200109267	POLQ	0.868987861036484	2.38449619024052	0.324318982961564	2.67942336616007	0.00737490823385279
ENSG00000115163.13	0.0833891632375403	0.00752282736915589	11.0848168043097	2.31424001709672e-24	3172	2.96784115750368	1.03874150303766e-20	2.34451811483056	3.5911642001768	97.0760662365881	2.04284039229754	CENPA	1.40540283016922	4.07716881711103	0.360092984877479	3.90288866817944	9.50514308107895e-05
ENSG00000070814.16	0.305299695790527	0.029320625829558	10.412454957996	4.8497807511212e-22	3338	0.668741765856748	1.8697329811549e-13	0.490602822208033	0.846880709505464	96.9472382350851	0.17014324114788	TCOF1	0.975336169261806	2.65205860172754	0.324031130739686	3.01000760956315	0.00261241144611557
ENSG00000094804.8	0.12023082870522	0.0099522635715934	12.0807520661323	6.5526671452887e-28	3577	2.28185000706936	8.06365660782329e-16	1.72650223659079	2.83719777754794	98.2218191747252	1.71649198133422	CDC6	0.972994999278393	2.64585694413487	0.324315491305517	3.00014962394071	0.00269847013962426
ENSG00000117724.11	0.0775591818963824	0.0104285474951882	7.43719889391777	9.63862528502318e-13	3744	2.48376596217507	1.29692356178236e-19	1.94648668743244	3.0210452369177	97.6154593541964	1.58626001908912	CENPF	1.25256722262414	3.49931495650012	0.348764885218039	3.59143731411226	0.000328859281582241
ENSG00000088325.14	0.097514098214504	0.0101150793313569	9.64046796076121	1.83664099650252e-19	4201	2.62864973837321	1.33758325545784e-23	2.11410815951264	3.14319131723378	97.5150718782902	1.42570257976733	TPX2	1.16079360912347	3.19246584106777	0.338796901314413	3.4262226266533	0.000612038512367586
ENSG00000154920.13	0.128295715006268	0.0111534190120226	11.502814954587	7.76204765941797e-26	5102	2.05195880240816	2.05558698118133e-18	1.59254892430526	2.51136868051105	98.092690904553	1.16636117422853	EME1	0.823114617565137	2.27758260053132	0.314897921315314	2.61390933965847	0.00895127853784356
ENSG00000080986.11	0.0832231749238902	0.0123845363314031	6.71992658399842	8.41016947478734e-11	5154	2.13531067003705	1.35385234604481e-12	1.54491516752	2.72570617255409	98.3257780089822	1.95301542221006	NDC80	0.885312338726491	2.4237413015447	0.324233852645843	2.73047472218611	0.00632431829265932
ENSG00000153044.8	0.197863725309268	0.0164657213395031	12.0167055684691	1.11703433187796e-27	5195	1.35591077442846	1.51886243691712e-20	1.06989800261379	1.64192354624312	97.8313037967273	0.433976118620073	CENPH	0.84426787765029	2.32627407373203	0.311870849750473	2.70710737578003	0.00678723009843837
ENSG00000165795.19	-0.136980277478594	0.0159563753644626	-8.58467379651092	4.1148453766338e-16	5497	-1.511818651364	1.46592438495488e-17	-1.85920168214638	-1.16443562058163	98.4585777238195	0.680418393505351	NDRG2	-0.867201122179519	0.420125785952666	0.324232919357632	-2.67462392127737	0.00748131214254096
ENSG00000141378.14	0.173605746014567	0.0220086176491158	7.88808042296747	4.97480813447859e-14	5510	0.580899044179701	3.56360638811805e-17	0.44578360947229	0.716014478887113	94.2876678804474	0.0910747452342821	PTRH2	0.917097016560931	2.50201652455413	0.330684436967767	2.77332983968134	0.00554858497696033
ENSG00000176619.9	0.267829295263437	0.0292984081751262	9.14142821898491	7.49615186386753e-18	5580	1.04881350101947	2.12390842018215e-16	0.798579935547637	1.29904706649131	98.0484266116254	0.344319306726196	LMNB2	0.916858264231233	2.50141923358509	0.319507101433717	2.86960214692267	0.00410988561062767
ENSG00000161888.10	0.11687600782286	0.0106735848940255	10.9500237252323	6.83833555977915e-24	5929	2.22009388309662	9.1292765499942e-24	1.78715494302483	2.65303282316842	96.953772139766	0.98007274947438	SPC24	0.868345454402554	2.38296486598842	0.331046232475632	2.62303379171208	0.00871506282606912
ENSG00000166851.13	0.122964290216765	0.0119126456499738	10.3221646836306	9.82463399488486e-22	6237	2.39944317628019	7.56206478598466e-21	1.89730523781041	2.90158111474997	97.9925582477488	1.38313343221213	PLK1	1.155121037466	3.17440761652986	0.338870087718094	3.40874299423839	0.000652629328428087
ENSG00000076555.14	-0.133677149925238	0.0177361012019439	-7.53700874860744	5.05100434431434e-13	7119	-1.67182413351073	6.76213613586207e-17	-2.06419269352109	-1.27945557350036	97.8863995638629	0.839403976991593	ACACB	-1.06791236014505	0.343725343647417	0.362133697071198	-2.9489450133526	0.00318860703029673
ENSG00000189057.9	0.0974919213072403	0.00942415822249092	10.3448943667535	8.22724559177875e-22	7370	2.56692982391193	5.01378269637346e-19	2.00239749773132	3.13146215009254	97.0221836092328	1.73753292390971	FAM111B	1.048403540969	2.85309263481234	0.331296349726693	3.16454902637441	0.00155323491723814
ENSG00000196584.2	0.0901296393713597	0.0124066872905492	7.26460152179512	2.90641837955347e-12	7590	2.06035001590095	8.10293913568618e-24	1.65903159012076	2.46166844168114	97.6179277673749	0.874081189927701	XRCC2	1.22062773657701	3.38931466276068	0.341373675920784	3.57563521347866	0.000349378541103112
ENSG00000171848.12	0.0849677124349072	0.0100716583338018	8.43631799440062	1.16662475845215e-15	7702	2.61918091387281	3.97287786967491e-13	1.91174440233087	3.32661742541475	98.1785874815733	2.75681456682377	RRM2	1.31366141354464	3.71976841957421	0.359956972158691	3.64949567629293	0.000262755662176449
ENSG00000162073.12	0.137601938263012	0.0120354363763104	11.4330659861953	1.37263487218022e-25	8958	1.68110515321761	2.51949116309701e-18	1.30373439788358	2.05847590855164	97.6477813006373	0.779382181718035	PAQR4	1.17212444815453	3.22884487087236	0.34861545651423	3.36222742351841	0.00077316416973461
ENSG00000090447.10	0.168269317350826	0.0228830372871135	7.35345204570316	1.65024816952543e-12	9257	0.815969105192515	9.11340936759451e-12	0.581466954089991	1.05047125629504	96.1964405328775	0.287495158620143	TFAP4	1.13787497969738	3.12013097372207	0.360444463876212	3.15686629629624	0.00159474450946784
ENSG00000090889.11	0.0799879123354178	0.0109463950385455	7.3072378672391	2.21643871813214e-12	9298	2.80235781326284	1.18526054510447e-23	2.25446789319419	3.35024773333149	97.46773892728	1.62432961065085	KIF4A	1.07856005691117	2.94044243143484	0.338968154328386	3.1818919952766	0.00146316370979905
ENSG00000013810.17	0.142208080754296	0.0162607906805394	8.74545915682238	1.31385974230349e-16	9325	1.57538200611988	4.26021304752223e-16	1.19563537322274	1.95512863901702	98.0211441633222	0.776401140646957	TACC3	1.11712153051193	3.05604479886695	0.331216411382266	3.37278435524931	0.000744122064993029
ENSG00000148773.11	0.0845422655033007	0.00996691160999351	8.48229309252957	8.45645092848214e-16	10292	2.67876228210207	3.66082888056089e-18	2.07450862579496	3.28301593840917	97.2285996705443	1.99041075135309	MKI67	1.28349712801289	3.60923965404593	0.348713662519331	3.68066200429338	0.000232629201874162
ENSG00000158402.17	0.0819999931897339	0.00886440420744753	9.25047992744291	3.36395561578401e-18	10477	2.87765095559262	1.03909522423064e-21	2.28848053141085	3.46682137977439	97.2203900177758	1.82486712148674	CDC25C	1.1173075484599	3.05661333092628	0.338667211590148	3.29913115359999	0.000969845875315548
ENSG00000159147.16	0.179355070089244	0.0182770603905091	9.813124553792	4.96741334261749e-20	10714	0.932663753387282	5.95168983990922e-16	0.706715781353753	1.15861172542081	97.8235933661812	0.283965299191986	DONSON	0.843030809802751	2.32339809412857	0.318978655033648	2.64290665378166	0.00821976931733491
ENSG00000197299.9	0.109120807411151	0.0158827376600459	6.87040293347234	3.38080775795750e-11	10890	1.76733860648384	2.93716072736942e-15	1.32850928596651	2.20616792700117	97.9583144584075	1.06524751488504	BLM	0.82892188862845	2.29084761956273	0.319469632698691	2.59468132112028	0.00946786590655058
ENSG00000105173.12	0.116020469076012	0.0154124410628972	7.52771534389262	5.36554017271271e-13	10951	1.73430153462199	4.29897224180438e-11	1.21875962257278	2.2498434466712	98.9171009155776	1.49694056780226	CCNE1	0.92039099553175	2.51027170309866	0.324119469215008	2.83966587308336	0.00451608091861514
ENSG00000123485.10	0.0875957654460944	0.0088324489591046	9.91749466673109	2.24037773135436e-20	10997	3.00024095268299	9.11651670244456e-21	2.37104487793394	3.62943702743205	97.5367171039753	2.16431477645049	HJURP	0.895765708934612	2.44921045397439	0.331398177590788	2.70298924226646	0.00687189704153256
ENSG00000101057.14	0.0932924027245385	0.007244551052895	12.8775961468665	7.93846460726005e-31	11084	3.30438583264598	4.21504251220862e-17	2.53399631532745	4.07477534996452	98.0885172410758	3.30116113451398	MYBL2	1.13272289497909	3.10409713393057	0.338769591766644	3.34363804340309	0.00082687544193114
ENSG00000145386.8	0.124841574699157	0.0120838774859609	10.3312512762727	9.15206861625654e-22	12167	2.19141974880241	3.99598392486834e-20	1.72395931137935	2.65888018622547	97.2273752992072	1.17755175199962	CCNA2	1.27609037161291	3.58260565268106	0.340339200801573	3.74946632244373	0.000177211292027002
ENSG00000276043.3	0.122928297011162	0.0099071340439694	12.4080583209621	4.22545624317116e-29	12181	2.69776721214285	9.04708378630246e-19	2.10005652597036	3.29547789831534	97.6765854424719	1.99125814927186	UHRF1	0.956510859793645	2.60259977730366	0.324879420176394	2.9442026807186	0.00323787881203773
ENSG00000071539.12	0.117845903139283	0.0129974812452229	9.06682617315536	1.2928885030741e-17	12324	2.09660940499984	6.59357064298455e-23	1.67958877718387	2.51363003281581	97.3359894210464	0.95015667491884	TRIP13	1.02066927404359	2.77505141247167	0.339040395018554	3.01046509218389	0.00260847929682318
ENSG00000143476.16	0.0956234994316092	0.00986702074045752	9.69122311049031	1.25207242092651e-19	13967	2.39495251255574	5.25154437259269e-21	1.89580227639365	2.89410274871784	97.2383974415578	1.34993768836762	DTL	1.05458794351949	2.87079198171095	0.332311341878747	3.17349368082744	0.0015061618043133
ENSG00000011426.9	0.0843749889516971	0.0104314401342188	8.08852736209623	1.28482996223012e-14	14078	2.3163421629886	9.34573039570463e-14	1.70693974779918	2.92574457817802	98.2356181967394	2.05262728007755	ANLN	1.21906439846975	3.38402015762006	0.339603202491992	3.58967285798342	0.00033109321759239
ENSG00000175063.15	0.0840415721108574	0.00832528462526159	10.0947386057947	5.73890922131619e-21	14114	3.29228655734616	1.22546026522114e-23	2.64839883756114	3.93617427713117	97.6260245954655	2.24839583622628	UBE2C	1.25537458550298	3.50915260587508	0.348540002669461	3.60180919231104	0.000316010279662114
ENSG00000146670.8	0.104380665075107	0.0143051949296915	7.29669645105342	2.37028201550153e-12	14142	2.23069877142256	6.88563997784408e-21	1.7643668661438	2.69703067670132	97.8597994650069	1.17137195351667	CDCA5	1.12542900190239	3.08153855129214	0.330854566242992	3.40158219571264	0.0006699697782919
ENSG00000170779.10	0.169504485662334	0.02431816235518	6.97028349373728	1.83195367727087e-11	14426	1.17611224072689	9.45266236286432e-14	0.866628564631063	1.48559591682271	98.417859611486	0.524243033054806	CDCA4	0.970764340734207	2.63996151852105	0.331712929881238	2.92651944885527	0.00342778072744321
ENSG00000165304.6	0.129585557467069	0.00846919683787944	15.3008083231084	5.47152331750693e-40	14955	3.00237362688148	7.52938681195864e-19	2.33871144728049	3.66603580648247	98.2395150281125	2.42490489416229	MELK	0.962774417897068	2.6189524717922	0.330610685021809	2.91210920129081	0.0035899710597595
ENSG00000111206.11	0.108448525138596	0.0126603510155688	8.56599670935142	4.69452214935675e-16	15159	2.62576537454203	3.71637308541796e-18	2.03334966585873	3.21818108322534	98.4477696235964	1.95278535595669	FOXM1	1.23601609559915	3.44187401756698	0.34856131532477	3.54605069827529	0.000391050965274637
ENSG00000087586.16	0.139095347206919	0.0175796852478743	7.91227745239285	4.22965008239653e-14	15164	1.96705226751278	2.70879158156758e-18	1.52507784368337	2.40902669134219	98.5250197485053	1.07837531156325	AURKA	0.924097636667419	2.51959364532934	0.319444746155407	2.89282465211638	0.00381794379727712
ENSG00000135451.11	0.0953124198175234	0.00865070528044904	11.0178785113549	3.966344165602e-24	15524	3.05680604773272	1.70567912668415e-20	2.41115189446365	3.7024602010018	97.9826411039226	2.31354463564666	TROAP	1.28969045553	3.63166222078858	0.348597741695192	3.69965235362219	0.000215895003626092
ENSG00000111247.13	0.139915269491287	0.016407641245897	8.52744568182673	6.15883106917107e-16	16336	1.79194724700109	3.4186176089577e-15	1.34593646807411	2.23795802592808	98.4686965925697	1.11418069117394	RAD51AP1	1.00500967852194	2.73193371377837	0.32176094790358	3.12346692496415	0.00178733952447726
ENSG00000165891.14	0.0659992361791636	0.00840963742198863	7.84804776560233	6.50224085370156e-14	16431	2.75397259113759	8.71502572153095e-15	2.05810072232327	3.4498444599519	98.2144805051074	2.69313884897667	E2F7	0.875250923141867	2.39947730281863	0.319317278067227	2.7410070900003	0.00612511857875219
ENSG00000187951.9	0.123424443363672	0.0158859985871263	7.76938526632457	1.09760470647376e-13	16501	1.54546846659235	1.86022323440849e-13	1.13382579490563	1.95711113827906	97.7156355066805	0.929577934202151	RP5-1086D14.6	0.922121886003085	2.51462047100474	0.324550169308194	2.84123064230305	0.00449397976416365
ENSG00000100526.18	0.106770262768135	0.0123687415592138	8.6322656397165	2.93877821061379e-16	16596	2.19717084831839	1.58687978641578e-24	1.77586960703447	2.61847208960232	96.584513986574	0.9422372359103	CDKN3	0.896656917102185	2.45139418326923	0.323945633786396	2.76792406991793	0.00564145974931873
ENSG00000151725.10	0.127653939734787	0.0134574489766873	9.48574577216866	5.86676188972507e-19	16707	2.05278653757051	9.68745371325201e-15	1.53319006326854	2.57238301187249	98.4266274351194	1.5000935661567	CENPU	0.926734983401501	2.52624745774953	0.324930440285418	2.85210269184833	0.0043431067392642
ENSG00000164611.11	0.103575086991972	0.0106468400766307	9.72824671418836	9.46157194196278e-20	16789	2.19146064902301	1.18099854468245e-16	1.67303226961939	2.70988902842663	98.004865732203	1.43353212807902	PTTG1	1.27946356919242	3.59471089460515	0.361034340365603	3.54388329901462	0.000394279726787004
ENSG00000198826.9	0.124406874519612	0.0166796980645122	7.45858072720757	8.39664614535246e-13	16824	1.77125114813002	3.5393883295897e-14	1.31306991155582	2.22943238470423	98.3439247971094	1.16437081263663	ARHGAP11A	1.11259348064591	3.04223815779457	0.33947390679581	3.27740500336929	0.00104765977267987
ENSG00000157456.6	0.117140419867005	0.0136180657662344	8.60183978237583	3.644859655633e-16	17102	2.44575978358021	3.24491820545331e-16	1.85858624205359	3.03293332510684	98.3472341798498	1.90082348166245	CCNB2	1.56626544130675	4.78873096128009	0.374683646695537	4.18023432599789	2.91208858683663e-05
ENSG00000184445.10	0.16355074536096	0.0188034803559732	8.69789753092202	1.84407835084072e-16	17129	1.3707305048787	3.45483947547017e-16	1.04134254103353	1.70011846872387	98.4804495737377	0.616646022603462	KNTC1	0.861537143182556	2.36679600333532	0.324583396651087	2.65428593104739	0.00794764496580198
ENSG00000121152.8	0.114007377035595	0.012269969119222	9.29157815539994	2.48376464814874e-18	17136	2.31203169982433	1.38195318869783e-16	1.76384135578967	2.860222043859	98.1732022302206	1.66108533014682	NCAPH	1.29255284421417	3.64207234143215	0.340084974455318	3.80067612891258	0.000144301807093039
ENSG00000130309.9	0.271522387863514	0.0204825016070032	13.2563098528296	3.11457268611912e-32	17204	0.77376855656583	4.18414967031818e-13	0.564572693101165	0.982964420030495	97.5610347535399	0.235021572011244	GLT25D1	1.0516522049744	2.86237644598576	0.330782045695515	3.17929046832986	0.00147636064690196
ENSG00000175305.15	0.115092993834624	0.0164119454565093	7.0127575149219	1.40909818697395e-11	17586	1.2486869938232	3.00304269391548e-12	0.897937743727283	1.59943624391912	97.3711397912917	0.639999857118911	CCNE2	0.984494652382864	2.67645900043326	0.320678927132198	3.07003226307106	0.00214035648518893
ENSG00000164169.11	-0.299533463613404	0.0267600010007885	-11.1933278180587	9.63451299362572e-25	17820	-0.407982355013435	1.07938997880251e-11	-0.525653012779762	-0.290311697247109	94.2354351395103	0.0704237564072229	PRMT9	-0.86751963103587	0.419991993477234	0.324242787650402	-2.67552483533182	0.0074612344925672
ENSG00000134690.9	0.12463702454212	0.0145896812449047	8.5428202611108	5.52731256148044e-16	19014	2.22002470919002	2.13359589127837e-15	1.67155733917213	2.76849207920791	98.6056935918724	1.69099285878565	CDCA8	1.13819304556459	3.12112353872818	0.348606373228606	3.26498059981879	0.00109471574122372
ENSG00000125319.13	0.139643850823164	0.0147335418768358	9.47795526632419	6.21840462720197e-19	19069	1.55599224991131	1.18791906626021e-14	1.16081816620254	1.95116633362008	98.4700021029653	0.86991399457256	C17orf53	0.934143011328855	2.54503145977005	0.330616669376501	2.82545648133993	0.0047213300951706
ENSG00000237649.6	0.0946114212220611	0.0126908869624426	7.45506767982839	8.58928241240365e-13	20302	2.30319066627815	9.17229803504374e-16	1.74154891330407	2.86483241925224	98.3619824413876	1.74439774615771	KIFC1	1.03677677954107	2.82011250499092	0.330735838668133	3.13475788930571	0.00171995999962094
ENSG00000165480.14	0.0915461476085952	0.012027898033354	7.61115095544814	3.11388718115231e-13	20375	2.58654030002238	3.34121821959643e-21	2.05016567953204	3.12291492051272	97.9102525312786	1.59070937102316	SKA3	1.13379159278269	3.10741624896934	0.33887798242231	3.34572221151197	0.000820685702568316
ENSG00000143228.11	0.0763117497013297	0.0109258957664033	6.98448450661459	1.67826944528205e-11	20444	2.61330062582847	1.19018380968608e-16	1.99500980121332	3.23159145044361	98.1650737684649	2.08948302809283	NUF2	1.18677970422541	3.2765128593965	0.348605833774667	3.40435985070898	0.000663193225869012
ENSG00000138180.14	0.101457283189289	0.00917165329368031	11.0620495499102	2.78009283155582e-24	20597	2.66961053488706	2.06807293898538e-18	2.0718689253282	3.26735214444592	97.6940419565609	1.93914545580526	CEP55	1.15252096774344	3.16616465617866	0.338855547628632	3.40121616957131	0.000670867545266394
ENSG00000169679.13	0.105084609413472	0.00999672798231941	10.5119004537613	2.22115875247814e-22	20946	2.65715167772868	2.22421207266902e-22	2.12196230164265	3.19234105381471	97.7219939965908	1.57491428867587	BUB1	1.08297230080285	2.95344504484811	0.331169263811961	3.27014738124297	0.00107491464263964
ENSG00000158828.5	-0.157739992265413	0.0167713162480876	-9.40534361955046	1.06848077712143e-18	21161	-0.949717276555038	1.48358797430375e-15	-1.18302649652193	-0.716408056588148	97.8400599035486	0.299020909834935	PINK1	-0.9075795758751	0.403499683412827	0.32431329208443	-2.79846555175674	0.00513460461176284
ENSG00000152253.7	0.0783702087304135	0.0110095839814521	7.11836240701233	7.30274166142089e-12	21266	2.18960753415797	3.1251544812512e-18	1.69671215924604	2.6825029090699	97.0016397706478	1.30862535976326	SPC25	1.35888793064975	3.89186287295651	0.349357911410462	3.88967270030758	0.000100379512830241
ENSG00000102384.12	0.0993584809899054	0.0139865465315475	7.10386089702673	7.99574451594615e-12	21362	1.8860250773105	2.3109077991856e-20	1.48626516583562	2.28578498878537	97.9236025112604	0.885010825576595	CENPI	1.35069757908574	3.86011732883386	0.360578695015152	3.74591621124199	0.000179736579200862
ENSG00000074842.6	0.22081040893448	0.025973581629629	8.50134617871082	7.39845140272477e-16	21373	0.559549141929383	1.08884952563449e-12	0.405492427933052	0.713605855925714	93.9865957753567	0.119499710482067	C19orf10	0.879173034586895	2.4089067998915	0.331487111961514	2.65220879745384	0.00799670737218448
ENSG00000177602.5	0.0917919186178105	0.0107929195789658	8.50482744230791	7.2198184225295e-16	21872	1.88830052563605	1.82160935113431e-12	1.3631496117352	2.41345143953689	96.938544986839	1.44055419283095	GSG2	0.944167540812543	2.57067250767117	0.324084121303396	2.91334094683598	0.00357583946538197
ENSG00000112984.10	0.0627874283960436	0.00916438585801315	6.8512423384207	3.79979817133776e-11	21892	2.81355961158457	8.71127480607887e-18	2.17158090967541	3.45553831349373	97.8975442426334	2.28272283186704	KIF20A	1.25937307609125	3.52321200900629	0.348353061908013	3.61522034338771	0.000300092270348625
ENSG00000065328.15	0.0787955881118456	0.00854683379799155	9.2192723029623	4.23320884340185e-18	22037	2.77726054959007	1.73039136305544e-20	2.19055467389527	3.36396642528487	97.7323886225257	1.87560006001124	MCM10	0.879305752671029	2.40922652660312	0.319664248366911	2.75071659456193	0.00594650650935853
ENSG00000183856.9	0.104491252765423	0.00968966514832046	10.7837836670275	2.58100562582801e-23	23037	2.78790851483987	5.6607565763284e-26	2.26947455215069	3.30634247752904	96.9236615117461	1.46078772698806	IQGAP3	1.36246485227996	3.90580868812356	0.374219937952903	3.64081309973234	0.000271778379901704
ENSG00000186185.12	0.0898622574001842	0.00885330562150039	10.1501361459783	3.74015189626679e-21	23158	3.08195342435422	1.9892355883891e-22	2.46192591533921	3.70198093336922	97.0396443595409	2.085225729202	KIF18B	1.01879393923098	2.76985213866442	0.330644412970981	3.08123742384358	0.00206142203277056
ENSG00000118193.10	0.0661108088432754	0.009170958594739	7.20871304349803	4.13936083886886e-12	23219	2.68344352439345	1.80211716096335e-17	2.06511266948328	3.30177437930362	97.5704049800057	2.12717222783382	KIF14	1.01980364825783	2.77265029579639	0.330868004705304	3.08220690352378	0.00205471965235999
ENSG00000167220.10	-0.182000550246089	0.023144369174347	-7.86370753400429	5.85625551180068e-14	24074	-0.466663577029833	1.07467113116744e-14	-0.584986043966631	-0.348341110093035	95.8053754059514	0.0716081145305879	HDHD2	-0.864165219462395	0.4214031850163	0.324047263307763	-2.66678758722198	0.00765800556156741
ENSG00000088305.17	0.104122750386122	0.014616813848186	7.12349158083066	7.07206910280022e-12	24988	1.28262654440539	1.35872632963519e-12	0.927966168317891	1.63728692049288	98.0371547155685	0.713625743222286	DNMT3B	1.17545091501825	3.23960340036872	0.36076739327117	3.25819610347857	0.00112122895341886
ENSG00000196230.11	0.24323773648868	0.0265077291424592	9.1761061530944	5.81339176237136e-18	25152	0.583734449646835	3.68711871094359e-11	0.410808940832774	0.756659958460895	96.6325766187351	0.156227690259417	TUBB	1.01671359328169	2.76409587757085	0.349360719746262	2.91021152584102	0.00361184218766195
ENSG00000186871.6	0.0940510089587264	0.0124230022251956	7.57071497322746	4.05548923006115e-13	26196	2.26917682247371	1.1049609054049e-20	1.79225647852128	2.74609716642614	97.9047873443855	1.23239773552154	ERCC6L	1.42243468040741	4.14720527802723	0.362729096555643	3.92147940133391	8.80069728971677e-05
ENSG00000171408.12	-0.120528439291309	0.0131304789825669	-9.17928732465376	5.67923129825617e-18	26996	-1.4892299344822	6.62905740352896e-15	-1.86385467327353	-1.11460519569087	97.8438792997254	0.777085514957952	PDE7B	-0.875758865972465	0.416545797276947	0.339408756556143	-2.58024829665113	0.00987292996918689
ENSG00000089685.13	0.0891879231275101	0.00928759174698384	9.60291166506904	2.43697712893892e-19	27200	2.8758468966213	2.63397348891152e-19	2.24838012314884	3.50331367009376	97.479743351399	2.11241750247446	BIRC5	1.14659137063202	3.14744612689314	0.338668495091424	3.38558616242854	0.000710264078436221
ENSG00000261888.1	-0.0836143619646759	0.0103426537404969	-8.08442050392559	1.32125092551172e-14	27565	-1.31575591160166	4.2940657852555e-12	-1.68803522001732	-0.943476603186006	96.1152994816611	0.734673410898696	NA	-1.07467174111682	0.341409807711074	0.338739268984542	-3.17256320573172	0.00151099665155853
ENSG00000111665.10	0.131324897869078	0.0146038582428142	8.99247963692719	2.22012860497788e-17	28267	2.05599934559195	5.66706732728546e-16	1.55827812064786	2.55372057053605	98.1890669276259	1.33552885731771	CDCA3	1.19807820718307	3.3137424730308	0.339152515084673	3.53256471320569	0.000411549486710424
ENSG00000120254.14	0.192324096610063	0.0201277626441672	9.555165172111	3.48849505821038e-19	28424	1.09055085024469	2.02060861157448e-12	0.786637310560611	1.39446438992876	97.6890936366842	0.517318012530899	MTHFD1L	0.914380497300985	2.49522897190927	0.32448883199832	2.81791053229752	0.00483372767505968
ENSG00000178999.11	0.103281535250876	0.00880283871379739	11.732753332058	1.17384378726434e-26	29276	2.72033229287741	1.05663563261114e-14	2.03078468803692	3.40987989771789	98.0603281391463	2.58903200487764	AURKB	1.29239907956178	3.64151236249816	0.348473528794959	3.70874391530103	0.000208289953453156
ENSG00000123473.14	0.145235093957485	0.0193288978445652	7.51388388129546	5.86976103964893e-13	30467	1.76311676265367	1.09036586077582e-12	1.27767719271241	2.24855633259493	99.1655073471683	1.36253526113487	STIL	1.24480808231345	3.47226834567878	0.341290789117746	3.64735328934996	0.000264955505802234
