	Estimate	Std. Error	t value	Pr(>|t|)	idx	beta	pval	cilb	ciub	i2	tau2	Symbol	coef	exp(coef)	se(coef)	z	Pr(>|z|)
ENSG00000127564.15	0.108244986028858	0.00679470301563722	15.9307898784898	8.66390855033299e-48	110	2.76921349380575	1.10269786567984e-29	2.28954649902054	3.24888048859096	96.1556344103586	1.1944206800276	PKMYT1	0.454862779923447	1.57595711524019	0.150884938464294	3.01463343228977	0.00257290009871192
ENSG00000109805.8	0.104878421927107	0.0065114756727732	16.106705637501	1.20654781632305e-48	156	2.64258373434563	3.89813555234857e-17	2.02715878437046	3.25800868432079	98.0045271955996	2.08144528507763	NCAPG	0.457080705439964	1.57945634982541	0.151002087026872	3.02698270228956	0.0024700809282643
ENSG00000030304.11	-0.0339702607165059	0.00419168872208339	-8.10419450698661	3.07062370457323e-15	207	-2.64598446914059	2.02235356870672e-12	-3.38337720195296	-1.90859173632822	96.1090202888191	2.87147481707105	MUSK	-0.481666167554438	0.617753253425377	0.150823138721214	-3.19358270646234	0.00140519079008565
ENSG00000048162.18	0.147320243574204	0.0158864560127132	9.27332335520965	3.36725652131522e-19	309	0.666840982783073	1.82115617079657e-15	0.502501509777863	0.831180455788284	92.7431329686339	0.133730150413414	NOP16	0.503487932483356	1.65448193974835	0.151448129695917	3.32449092302611	0.000885801169061144
ENSG00000160949.15	0.142183767398775	0.00961780307543313	14.783393492632	2.66972334135669e-42	805	1.35134739408073	2.20219343988682e-15	1.01732533548871	1.68536945267276	98.3583962176322	0.629863087509277	TONSL	0.40200841154832	1.49482390640668	0.150205956708306	2.67638128579017	0.00744219257153914
ENSG00000129596.4	-0.10105093664978	0.00606426604407611	-16.6633416006693	2.23558412302673e-51	921	-2.95227125150327	3.57105068484277e-11	-3.82622746063007	-2.07831504237647	98.8990002648078	4.27352049421057	CDO1	-0.40262219835479	0.668564636435663	0.150433812620162	-2.67640759309472	0.00744160835776426
ENSG00000138778.10	0.104756427690582	0.007736871200865	13.5398955173081	1.44704134390746e-36	997	1.93892461404678	2.54849821213949e-18	1.50361457317993	2.37423465491363	97.6550791387079	1.03801604141552	CENPE	0.488879921695235	1.6304889215206	0.151044672416275	3.23665783026027	0.00120938327875818
ENSG00000117650.11	0.106139318496126	0.005762012496415	18.4205290360205	3.3650735920766e-60	1087	2.84645485181449	4.63318582396444e-19	2.22106174672996	3.47184795689901	97.3825774353817	2.11795537155562	NEK2	0.527136248894269	1.69407394922753	0.150995786549778	3.49106594918454	0.000481097482865675
ENSG00000168078.8	0.0918892039940262	0.00603375152044316	15.2291992274944	2.0631159986656e-44	1160	2.74949285758073	1.97517466689234e-14	2.04526622092747	3.45371949423399	97.6342423251211	2.65680027954731	PBK	0.422049443047656	1.5250839276165	0.150720369852369	2.80021501712777	0.00510685777000781
ENSG00000169684.12	0.0734750967235908	0.00586815523915463	12.5209872147444	4.60159468466891e-32	1203	1.50012172405388	6.88046029260265e-12	1.07153064689385	1.9287128012139	96.4355136765716	0.933469442679362	CHRNA5	0.452112404713534	1.57162859711164	0.150906795735217	2.99597113907857	0.00273572324919835
ENSG00000141469.15	-0.0840180505616915	0.00578945750735979	-14.5122492832678	4.97918064428169e-41	1218	-1.75563391791524	9.38226986926098e-11	-2.28692935214639	-1.22433848368409	96.6313154694515	1.52074393645084	SLC14A1	-0.46855864275528	0.625903769366543	0.150873302221242	-3.10564318442624	0.00189865672643393
ENSG00000126787.11	0.105927093878689	0.00580129539651931	18.2592139580143	2.22709657473848e-59	1581	2.92777335162189	1.66655082512055e-15	2.20723362692073	3.64831307632305	97.9743700985326	2.81778955074672	DLGAP5	0.565732823507213	1.76073761997051	0.152959576016492	3.69857735122262	0.000216811279383034
ENSG00000161800.11	0.11073526391844	0.0115051977983562	9.62480314195569	1.82329093924508e-20	1729	1.474292346111	4.49270374294404e-16	1.11863160790729	1.82995308431471	98.8194035331649	0.708344185392043	RACGAP1	0.491594406384721	1.6349208712429	0.150605490426234	3.26412008614987	0.00109804614641203
ENSG00000112742.8	0.102334603464685	0.00647637492722621	15.8012166705293	3.68117024945623e-47	1778	2.41925695535574	8.54614154469056e-15	1.80815637324529	3.03035753746619	98.1183420642356	2.05559129806565	TTK	0.54646997722413	1.7271453816278	0.150733122686826	3.62541402634851	0.000288498866595676
ENSG00000106105.12	0.198913016691178	0.0168438032979707	11.8092697458147	4.88275513735504e-29	1903	0.696946435927613	9.36696250932587e-23	0.557823228685609	0.836069643169617	96.5486404779221	0.101794629582578	GARS	0.429063825809999	1.53581905616443	0.15258138125937	2.81203264951863	0.00492295059803205
ENSG00000226237.1	-0.0448368343770739	0.00564274778360528	-7.94592211038478	9.8181386906315e-15	2134	-2.35988271131386	3.77871645591826e-12	-3.02584941723849	-1.69391600538923	98.4499012003745	2.47203256058155	RP11-276H19.1	-0.505270747144273	0.603342200133636	0.152596268158041	-3.31116057583384	0.000929098775391771
ENSG00000140092.13	-0.118019247753381	0.00831639873930759	-14.191148290613	1.54072428190223e-39	2572	-1.81848429372558	7.07264435210974e-13	-2.31502261773544	-1.32194596971572	98.4957848261705	1.40824621155566	FBLN5	-0.417365578700204	0.658780039965777	0.150975625449297	-2.76445669596097	0.00570176747184163
ENSG00000250722.4	-0.100736229807464	0.00817616474420928	-12.3207191830142	3.34764390612087e-31	2740	-1.78168076442609	6.13853804479792e-14	-2.24696886985644	-1.31639265899574	98.2042194860776	1.16279237955965	SEPP1	-0.426036833275717	0.653092286149404	0.150259690058735	-2.83533682991882	0.00457773929016959
ENSG00000215784.5	0.0463373092465684	0.00583246913275554	7.94471572705546	9.90483398019294e-15	2947	2.39428312051671	1.35619700439111e-13	1.76018058609118	3.02838565494223	92.6057709003706	1.91769365801247	FAM72D	0.605274859019211	1.83175561425142	0.152587097499317	3.96674993455406	7.2859366190095e-05
ENSG00000024526.15	0.0972196907787424	0.00562536391885733	17.2823824700199	1.87500895545407e-54	2950	2.51522361457411	5.64405745398089e-14	1.85933065236402	3.17111657678421	97.5212787404813	2.34331146137578	DEPDC1	0.426960944163387	1.53259280386099	0.150488734551288	2.83716216656652	0.00455164872579744
ENSG00000115163.13	0.0952647138055682	0.00584231568731929	16.3059853154357	1.28041348082061e-49	3172	2.96784115750368	1.03874150303766e-20	2.34451811483056	3.5911642001768	97.0760662365881	2.04284039229754	CENPA	0.425646211082728	1.53057917738329	0.151316428432176	2.81295438633429	0.00490886139542903
ENSG00000149554.11	0.130116184013702	0.00923833799943937	14.0843714552983	4.78461844215762e-39	3180	1.29714204411386	1.53525616077527e-14	0.966303035204499	1.62798105302322	98.5163929230639	0.611133676399732	CHEK1	0.438489524297911	1.55036366237319	0.150756618979373	2.90859218829992	0.00363060116256391
ENSG00000187758.6	-0.0227609465146618	0.00276318491754347	-8.23721437177529	1.14034334364242e-15	3389	-4.11028383712549	5.73327431631169e-16	-5.10548493465499	-3.11508273959598	97.5937684677529	5.40992290816419	ADH1A	-0.389565634165241	0.67735102875329	0.150185320897594	-2.59389953583328	0.00948942111574778
ENSG00000094804.8	0.112824591882234	0.00640052636335591	17.6273927294751	3.48898516188518e-56	3577	2.28185000706936	8.06365660782329e-16	1.72650223659079	2.83719777754794	98.2218191747252	1.71649198133422	CDC6	0.503455538005422	1.65442834453776	0.150916727961768	3.33598233148127	0.000849985656419529
ENSG00000117724.11	0.109778335425463	0.00629118587675402	17.4495456939358	2.72883488230855e-55	3744	2.48376596217507	1.29692356178236e-19	1.94648668743244	3.0210452369177	97.6154593541964	1.58626001908912	CENPF	0.417488628009312	1.5181441394793	0.149821769929976	2.78656852208087	0.00532693546419022
ENSG00000079462.6	0.124085506375278	0.00893884135680012	13.8816096429412	4.06760925216092e-38	3866	1.24833486534794	5.80636726717292e-11	0.874716582871477	1.62195314782439	98.4022785306517	0.78500135625712	PAFAH1B3	0.396721134022136	1.4869412149131	0.150184590032652	2.641556859701	0.00825259535724805
ENSG00000093009.8	0.109599897301945	0.00665310461572093	16.4734967556299	1.92762696517004e-50	4145	2.79327137849769	2.78632644533587e-23	2.24249944520896	3.34404331178641	97.4022697864989	1.6310566029635	CDC45	0.394032404654373	1.48294860233308	0.150401566928222	2.61986901268403	0.0087963546858325
ENSG00000088325.14	0.100681212005515	0.0059546915556412	16.9078802931671	1.3761601714065e-52	4201	2.62864973837321	1.33758325545784e-23	2.11410815951264	3.14319131723378	97.5150718782902	1.42570257976733	TPX2	0.579416053743279	1.78499578474832	0.152188190018787	3.80723401514764	0.000140529754532386
ENSG00000138382.12	0.179919010952786	0.0212903604044825	8.45072641019762	2.26649382593701e-16	4402	0.360119292548858	2.19903155866862e-11	0.254649451953046	0.465589133144671	93.5861644059981	0.0567560529108176	METTL5	0.396743196256778	1.48697402052096	0.151039061840488	2.62675887563295	0.0086202394149742
ENSG00000243384.1	-0.0170362964378624	0.00189361295558676	-8.99671518807471	3.16142796062429e-18	4446	-5.59031860496562	3.7645996300913e-26	-6.62611980917572	-4.55451740075552	94.3099676058513	5.48771410088213	NA	-0.4618353336089	0.630126091988946	0.150851129034964	-3.0615305073511	0.00220208550561524
ENSG00000184661.12	0.111885994779404	0.00694421323714927	16.1121196827382	1.13537017781879e-48	4485	2.55457563406666	4.70008328214042e-12	1.83044753486438	3.27870373326893	98.458990573665	2.94116774613155	CDCA2	0.40289279750171	1.49614649242434	0.150201091916379	2.682355982645	0.00731056212632592
ENSG00000080986.11	0.110627859334406	0.00680883911622529	16.2476829670982	2.47076484711715e-49	5154	2.13531067003705	1.35385234604481e-12	1.54491516752	2.72570617255409	98.3257780089822	1.95301542221006	NDC80	0.407234293501787	1.50265612698816	0.15102485351428	2.69647203109706	0.00700782823805694
ENSG00000260105.5	-0.0535271772074848	0.00696723053435065	-7.68270504952848	6.52119723036111e-14	5445	-2.33545499326505	5.38832054276228e-11	-3.03325277333041	-1.6376572131997	97.4154738399811	2.56014524950847	NA	-0.396374821995591	0.672754485494533	0.150729598549678	-2.62970793931328	0.00854582509705363
ENSG00000163687.12	-0.0583271643953592	0.00439727910519655	-13.2643762199289	2.49225483900519e-35	5546	-2.80292707702086	2.0456989384062e-20	-3.39619692262825	-2.20965723141347	97.507381486475	1.84298157519202	DNASE1L3	-0.559030603971998	0.571763060123979	0.152539027985254	-3.66483654285538	0.000247496599855591
ENSG00000176619.9	0.11317618811727	0.0139389147239618	8.11944045562696	2.74280060015205e-15	5580	1.04881350101947	2.12390842018215e-16	0.798579935547637	1.29904706649131	98.0484266116254	0.344319306726196	LMNB2	0.442303977091843	1.55628874466591	0.150342398896488	2.94197764794464	0.0032612346575171
ENSG00000161888.10	0.122879443612752	0.00771535944756768	15.9265999786297	9.07948662026597e-48	5929	2.22009388309662	9.1292765499942e-24	1.78715494302483	2.65303282316842	96.953772139766	0.98007274947438	SPC24	0.397351166860111	1.48787833188287	0.150441541812995	2.64123301364483	0.00826048849178232
ENSG00000172965.13	0.118743137052162	0.0135878229237211	8.73893762957893	2.43618608422584e-17	5980	1.23842073617704	1.0949465979034e-12	0.897418225501998	1.57942324685208	97.2428923060597	0.632064528871554	AC068491.1	0.39504155877505	1.48444588139147	0.149978073326461	2.63399542355204	0.00843866253365295
ENSG00000166851.13	0.122844289577704	0.00666816049925395	18.422515413576	3.28757918946936e-60	6237	2.39944317628019	7.56206478598466e-21	1.89730523781041	2.90158111474997	97.9925582477488	1.38313343221213	PLK1	0.556451903756864	1.74447195235016	0.151170961999555	3.68094438506319	0.000232371690395415
ENSG00000075218.17	0.115121986615807	0.00663409196716331	17.3530887400453	8.30370976435322e-55	6738	2.57552404443274	8.74817611810216e-17	1.96884860569877	3.18219948316671	97.9821732544407	2.0588522473593	GTSE1	0.66675271849956	1.94790165435051	0.152743025451601	4.3651925613509	1.27010822133266e-05
ENSG00000100479.11	0.131975702832976	0.00882950209548143	14.947128547658	4.50820476355382e-43	6742	1.3396550733299	7.32340083192569e-17	1.02488977245923	1.65442037420058	97.5643810300448	0.5447047917046	POLE2	0.393208740151898	1.48172765310564	0.150057946803306	2.62037931698021	0.00878320115011448
ENSG00000122952.15	0.134820225517216	0.00805458519067836	16.7383201400917	9.52403026459462e-52	7264	1.68674650642201	3.7667767570467e-11	1.1868257444171	2.18666726842693	98.9857476928876	1.41673636519071	ZWINT	0.457977585316095	1.58087356788297	0.151320928116266	3.0265316966878	0.00247376883458548
ENSG00000189057.9	0.117299357145078	0.00742043649273139	15.807608792283	3.42798950022269e-47	7370	2.56692982391193	5.01378269637346e-19	2.00239749773132	3.13146215009254	97.0221836092328	1.73753292390971	FAM111B	0.513473968061052	1.6710864237611	0.151460835716291	3.39014350232998	0.000698560460367233
ENSG00000196584.2	0.123409920774136	0.00675021330116598	18.2823734996373	1.69834757332847e-59	7590	2.06035001590095	8.10293913568618e-24	1.65903159012076	2.46166844168114	97.6179277673749	0.874081189927701	XRCC2	0.416147938235819	1.51611014294066	0.149374594305514	2.78593518643925	0.00533735424040717
ENSG00000171848.12	0.107752483529382	0.00644088467691785	16.7294539390736	1.053588524797e-51	7702	2.61918091387281	3.97287786967491e-13	1.91174440233087	3.32661742541475	98.1785874815733	2.75681456682377	RRM2	0.528291277607176	1.69603178374056	0.15241243053243	3.46619547868681	0.00052787933496345
ENSG00000146918.18	0.13986389693852	0.0109691537649917	12.7506551494336	4.62264874016546e-33	8231	1.14266390713911	7.5097348038956e-16	0.864866994288335	1.42046081998988	98.489541359516	0.432731616464412	NCAPG2	0.391432560367353	1.47909817430683	0.150193580150799	2.60618702859565	0.00915564531085948
ENSG00000123219.11	0.116343072239664	0.00878697167884486	13.2404059660015	3.18788139573062e-35	8254	2.00772937683311	2.03290923253957e-14	1.49324128076286	2.52221747290336	97.7147931244952	1.43501308858731	CENPK	0.586051678081614	1.79687973131833	0.152341252248803	3.84696639571058	0.000119589364448705
ENSG00000167900.10	0.106140529484644	0.00754322599263052	14.0709730277656	5.51406229749593e-39	8350	1.83444460415328	3.03773353614002e-11	1.2933473223172	2.37554188598936	98.040685980565	1.59729652227141	TK1	0.484669816786021	1.62363882204456	0.151399638859617	3.20126137972776	0.00136827351852441
ENSG00000136270.12	0.200350746632368	0.0164883820184472	12.1510252739302	1.77295543669756e-30	8583	0.602916024819745	8.81580819303957e-12	0.429764462259004	0.776067587380485	97.9742545271301	0.168810271429877	TBRG4	0.456502775616078	1.578543798616	0.151076085599867	3.02167463370179	0.00251380590908076
ENSG00000066279.15	0.104630248168764	0.00589661562844861	17.7441187897627	9.01402484574927e-57	8869	2.71840929503005	6.90519254868531e-19	2.11816850936439	3.3186500806957	97.3054113872766	1.97022853584363	ASPM	0.472459864176367	1.60393480631512	0.15013436799491	3.14691346482628	0.00165003787743987
ENSG00000146731.9	0.167223016699206	0.0160891192150878	10.3935469968046	2.3814320730362e-23	9170	0.653498273786241	8.1010079100912e-15	0.488569769443075	0.818426778129408	98.4687973809471	0.155670921527746	CCT6A	0.519753869962916	1.68161370311552	0.152069745052939	3.41786507093819	0.000631143874801985
ENSG00000112232.8	-0.0411297648311252	0.00433522414055238	-9.48734448269717	5.75633135204391e-20	9199	-3.59693490415986	3.09078081831995e-11	-4.65831284415085	-2.53555696416886	98.2002470556046	6.0011239939023	KHDRBS2	-0.42299050513005	0.655084853027763	0.150771879725553	-2.80549997718415	0.005023858493423
ENSG00000076003.4	0.149979525235958	0.0125015405733113	11.9968834525994	7.96508920989472e-30	9207	0.907154306919979	5.90641573131694e-12	0.648796485539233	1.16551212830072	98.23861564791	0.369370168716096	MCM6	0.438302976635381	1.55007447263058	0.150838028834239	2.90578562994247	0.00366332329376717
ENSG00000166508.16	0.123357811325117	0.013246993858084	9.31213622099164	2.44958593624418e-19	9231	1.04140746692818	1.36964673455581e-19	0.815985874239012	1.26682905961734	97.7210709648469	0.261064947356098	MCM7	0.462138571790058	1.58746526588848	0.151090715893147	3.05868278575693	0.00222312412237521
ENSG00000090889.11	0.106293660931621	0.00565464570442232	18.7975810488874	3.99326355522914e-62	9298	2.80235781326284	1.18526054510447e-23	2.25446789319419	3.35024773333149	97.46773892728	1.62432961065085	KIF4A	0.426342076492947	1.53164462515156	0.149940478992684	2.84340879365705	0.00446337819919684
ENSG00000013810.17	0.134566050935719	0.0110833131179615	12.1413199738663	1.9495112015557e-30	9325	1.57538200611988	4.26021304752223e-16	1.19563537322274	1.95512863901702	98.0211441633222	0.776401140646957	TACC3	0.619984139092563	1.85889855779456	0.152383243271095	4.06858474582793	4.72995577866029e-05
ENSG00000174243.8	0.179057731928469	0.0263378018081075	6.79850707485199	2.59452294918129e-11	9350	0.240338004906537	2.18048115968028e-11	0.169962108423845	0.310713901389229	94.2654024754812	0.0244479830290541	DDX23	0.431926149692067	1.54022136513884	0.150515243505727	2.8696505392534	0.00410925673871611
ENSG00000068489.11	0.0930315577901833	0.00843714475255373	11.0264266548259	7.78905013090692e-26	9454	1.83006210346044	2.41798774533675e-16	1.39260310811653	2.26752109880435	98.1195194388042	1.06959141530024	PRR11	0.430183852200595	1.53754017770937	0.150127859653779	2.86544984516981	0.00416417231086964
ENSG00000106263.16	0.188741016354774	0.0176505105209306	10.6932327045701	1.62931909332539e-24	9601	0.609347827824068	6.77661868066639e-22	0.48516176602882	0.733533889619315	96.5457910356292	0.0814403978231668	EIF3B	0.51324923792849	1.67071092248237	0.152759123011469	3.35985980942005	0.000779820324624056
ENSG00000266524.2	-0.0659636227399993	0.00431413260396888	-15.2901240632508	1.05631500651447e-44	9847	-3.09581263701853	2.52834679682392e-11	-4.00527641113611	-2.18634886290094	97.9991715185429	4.61581868544612	GDF10	-0.397341154603186	0.672104694905775	0.149832834096986	-2.65189640840663	0.00800410949276967
ENSG00000142731.9	0.124194205696427	0.00965714326354661	12.8603462025079	1.52991585179817e-33	10005	1.43611522569958	5.50906923285946e-14	1.06177821960582	1.81045223179334	98.4817015648985	0.781330121469996	PLK4	0.397809112661241	1.48855985555609	0.149477739311103	2.6613267935053	0.00778333744595726
ENSG00000109674.3	0.084807127697899	0.00531141404931072	15.9669584992917	5.78071032930311e-48	10106	3.06279848964397	3.88249739437604e-17	2.34955066900619	3.77604631028175	96.507713670306	2.5856445466356	NEIL3	0.510341899654765	1.66586065477403	0.152995356975325	3.33566919770691	0.000850943541387143
ENSG00000148773.11	0.107239530351472	0.00666062463029608	16.1005215432333	1.29331218731991e-48	10292	2.67876228210207	3.66082888056089e-18	2.07450862579496	3.28301593840917	97.2285996705443	1.99041075135309	MKI67	0.501304155675892	1.65087286260372	0.150569284902276	3.32939188760346	0.00087035846775938
ENSG00000158402.17	0.113636776736066	0.00581365347359375	19.5465342494555	5.60979650125808e-66	10477	2.87765095559262	1.03909522423064e-21	2.28848053141085	3.46682137977439	97.2203900177758	1.82486712148674	CDC25C	0.593400923379341	1.81013408633028	0.152712235390548	3.88574577447428	0.000102016223153708
ENSG00000164109.12	0.111223707160083	0.00806571265215781	13.789693726608	1.06780177179636e-37	10502	1.62655427354514	1.88430817395289e-19	1.27311103235203	1.97999751473824	97.5874770851357	0.678051210922504	MAD2L1	0.522445717793497	1.68614644930859	0.151857416787851	3.44037011062401	0.000580919196748754
ENSG00000111640.13	0.126947702016333	0.0107846690120321	11.7711263901286	7.0445035205257e-29	10526	0.839693245687194	3.15766797359604e-11	0.59180010689488	1.08758638447951	97.8806756844196	0.332483668483594	GAPDH	0.388515803172949	1.47479028964658	0.149900366408508	2.59182690797544	0.00954677912019027
ENSG00000131650.12	0.0459672098869338	0.00552111957302615	8.32570446608513	5.85983065611988e-16	10580	2.49978369693975	2.85707632585412e-12	1.79831196855245	3.20125542532704	97.027530623246	2.65783946503472	KREMEN2	0.472765293393841	1.60442476968864	0.150476114462807	3.14179625837358	0.00167914836627381
ENSG00000119969.13	0.133481564027038	0.00870332080982155	15.3368543965892	6.31633645205658e-45	10616	1.47999758389062	1.17312709175888e-11	1.05237920302462	1.90761596475662	98.1366328223546	1.03941178260598	HELLS	0.538667528942223	1.71372185539684	0.151025175169762	3.5667399712447	0.000361449817980935
ENSG00000276180.1	0.0818007105840744	0.0110655529894075	7.39237439487913	4.96525714650425e-13	10623	0.939914303140865	6.29004825215169e-17	0.719546646405315	1.16028195987642	94.8093319490891	0.241584716386187	HIST1H4I	0.419763230680086	1.52160124447317	0.150704349339595	2.7853425101501	0.00534712080926658
ENSG00000159147.16	0.201787256784532	0.0132162221022963	15.2681496438738	1.34496564718543e-44	10714	0.932663753387282	5.95168983990922e-16	0.706715781353753	1.15861172542081	97.8235933661812	0.283965299191986	DONSON	0.511760571294915	1.66822564121435	0.151201479403474	3.38462674647055	0.000712751038027567
ENSG00000122035.6	-0.0696878751374904	0.00940466845471848	-7.40992364303144	4.39964778932956e-13	10864	-1.28036428173142	6.20705815928192e-17	-1.58049590336846	-0.980232660094373	95.6442560103672	0.452749362324312	RASL11A	-0.393744079581551	0.674526659298081	0.149569663903117	-2.63251296624292	0.00847557877861969
ENSG00000123485.10	0.103712460529858	0.00557023075769518	18.6190599710041	3.26814911744964e-61	10997	3.00024095268299	9.11651670244456e-21	2.37104487793394	3.62943702743205	97.5367171039753	2.16431477645049	HJURP	0.479165653856858	1.61472659909374	0.150596502980957	3.18178473186358	0.00146370567611828
ENSG00000101057.14	0.0831014586077374	0.00517649195015562	16.0536246183555	2.18911104871085e-48	11084	3.30438583264598	4.21504251220862e-17	2.53399631532745	4.07477534996452	98.0885172410758	3.30116113451398	MYBL2	0.390247181701268	1.4773459216326	0.150153027823532	2.59899641957209	0.0093496748470242
ENSG00000164032.10	0.111538659175949	0.0161913156064608	6.88879532009383	1.44662461993178e-11	11211	0.723958403677279	1.01636010502373e-14	0.540567286901801	0.907349520452757	96.8194140134632	0.176605647984359	H2AFZ	0.482275420509932	1.61975583785192	0.15400024076388	3.13165367870676	0.001738247863641
ENSG00000166803.9	0.122019800998755	0.00732573769647201	16.6563158625674	2.42150112593749e-51	11526	2.32265787151108	4.18387472613253e-16	1.76293085755474	2.88238488546743	98.1718026317726	1.69996751919797	PCLAF	0.483948906493267	1.62246874591667	0.150748337059827	3.21031008322967	0.00132591853936716
ENSG00000140525.16	0.153591395963459	0.0103195400243577	14.8835505847092	9.00325687492194e-43	11607	1.67767603924095	2.26723915036731e-19	1.31230236761336	2.04304971086855	98.1181598334151	0.730881765282806	FANCI	0.411503128550672	1.50908442904815	0.149987365409951	2.74358528417336	0.00607722599023201
ENSG00000145386.8	0.113127274454522	0.00722147179767448	15.6654041757737	1.66845918650876e-46	12167	2.19141974880241	3.99598392486834e-20	1.72395931137935	2.65888018622547	97.2273752992072	1.17755175199962	CCNA2	0.603383920314261	1.82829514945695	0.152728752230578	3.95068977845978	7.79262782486202e-05
ENSG00000159259.7	0.170687856930622	0.0107626987410055	15.8592060446984	1.92778341553944e-47	12241	1.22478324942344	4.28835926814272e-13	0.893498861793282	1.55606763705361	98.3351954910479	0.594280602159264	CHAF1B	0.408439916576464	1.5044688564028	0.150376213333033	2.71612050552108	0.00660518713493752
ENSG00000071539.12	0.0910597035521369	0.00723129539056592	12.5924469453889	2.25671077287165e-32	12324	2.09660940499984	6.59357064298455e-23	1.67958877718387	2.51363003281581	97.3359894210464	0.95015667491884	TRIP13	0.462068916417768	1.58735469425539	0.15144881363099	3.05099066370776	0.00228087666952454
ENSG00000168393.11	0.150020755434131	0.0133323464856286	11.2523894871652	9.57530029328201e-27	12435	0.885015253178676	1.46730262447407e-11	0.628079570117405	1.14195093623995	97.9861004884931	0.369212021179163	DTYMK	0.556404534425677	1.74438931983764	0.153320538335682	3.62902805107218	0.000284490329568574
ENSG00000138160.5	0.132505541779141	0.00792767049194529	16.714309949407	1.25184643456123e-51	12579	1.72069029820716	7.40763790345434e-11	1.20281457444007	2.23856602197425	98.7671690467599	1.51011101571069	KIF11	0.478778735943331	1.61410195329822	0.15058620225632	3.17943296775875	0.00147563495070999
ENSG00000115137.10	-0.177515341735448	0.0188453591799317	-9.41957858380768	1.01019103387792e-19	12624	-0.615332670109062	1.7707463449669e-11	-0.79470061440848	-0.435964725809643	96.8788335616162	0.174154529606598	DNAJC27	-0.439082983047814	0.644627284273475	0.151688463426451	-2.89463663306677	0.00379597667016583
ENSG00000174371.15	0.108211710776199	0.00611655009058549	17.691625045752	1.65728865170247e-56	12878	2.41908861131769	1.30286134327583e-14	1.80377501552635	3.03440220710903	98.4210604036048	2.1344382924519	EXO1	0.51287545137551	1.67008654990394	0.150467129708427	3.40855476122495	0.00065307975766357
ENSG00000278259.3	0.222871989948017	0.0124395742728991	17.916367960724	1.21744994816335e-57	12915	0.957461740029303	2.35369180006553e-13	0.701341690878111	1.2135817891805	98.0915517159811	0.371230788263871	MYO19	0.543914573784095	1.72273746278231	0.150447893049622	3.6153020342046	0.000299997652248288
ENSG00000114166.7	-0.157890995800495	0.0130857435763275	-12.0658787847658	4.07133675481114e-30	13152	-1.13517509204085	1.37086658058247e-15	-1.41370383135387	-0.856646352727829	98.2280595136428	0.437368424818387	KAT2B	-0.539526753624783	0.583024101139156	0.151838747041186	-3.55328770908809	0.000380448126619428
ENSG00000188486.3	0.127314051547841	0.0125508337924017	10.1438720051346	2.13906227378015e-22	13284	1.08704911121882	4.83331179913396e-19	0.848088646706733	1.3260095757309	95.5566641989685	0.28943677058076	H2AFX	0.592889629919239	1.80920881317324	0.152381731129511	3.89081831217243	9.99067216541244e-05
ENSG00000164303.9	-0.0615562788065477	0.00682458117270619	-9.01978850405239	2.62770935210702e-18	13401	-2.45463714552126	5.61333100352568e-13	-3.12194568679791	-1.78732860424462	97.2621595507024	2.38667504467961	ENPP6	-0.439747721824752	0.644198917912585	0.150758347988323	-2.91690462049115	0.00353523859881451
ENSG00000171303.6	-0.0683501419452198	0.00523209495482303	-13.0636279607681	1.94427153115925e-34	13706	-2.49365125571734	1.49969690764826e-11	-3.21794254960972	-1.76935996182496	98.3217687544341	2.87088359299151	KCNK3	-0.406267656371422	0.666131849128311	0.149552635491753	-2.71655297170491	0.00659656381465659
ENSG00000130988.11	-0.0579835993970466	0.00793759364868017	-7.3049342109731	9.03988523645894e-13	13713	-2.44858400298861	1.29137118232348e-13	-3.09649844733013	-1.80066955864708	98.9925019223468	2.362964877858	RGN	-0.450146637773441	0.637534658104344	0.150573492226865	-2.98954770269403	0.00279390817803007
ENSG00000143476.16	0.117049385030701	0.00903503441754778	12.9550569064096	5.86419614920686e-34	13967	2.39495251255574	5.25154437259269e-21	1.89580227639365	2.89410274871784	97.2383974415578	1.34993768836762	DTL	0.443197350840131	1.55767971341012	0.150303362616958	2.94868553253596	0.00319128520555152
ENSG00000011426.9	0.102521669689371	0.00583274939826183	17.576902878756	6.26007060456655e-56	14078	2.3163421629886	9.34573039570463e-14	1.70693974779918	2.92574457817802	98.2356181967394	2.05262728007755	ANLN	0.588838889678208	1.80189500140583	0.15147881905948	3.88726881642109	0.000101378464002856
ENSG00000146670.8	0.108214199908894	0.00700258817758468	15.4534576594535	1.74566637862871e-45	14142	2.23069877142256	6.88563997784408e-21	1.7643668661438	2.69703067670132	97.8597994650069	1.17137195351667	CDCA5	0.4710107950913	1.60161227713184	0.151001353772515	3.1192488234303	0.00181312775152406
ENSG00000203760.7	0.0707916504375146	0.0097867398174564	7.23342520164325	1.46936846177811e-12	14277	1.26541027546743	2.74933517356041e-15	0.951537141887366	1.57928340904749	96.0427005058387	0.512210588049273	CENPW	0.483520757557014	1.62177423633638	0.152529923115748	3.17000590887397	0.00152435837698264
ENSG00000182481.7	0.129257857836739	0.00978194748309927	13.2139186046607	4.18329961582686e-35	14562	1.22268534884771	1.20203197558741e-11	0.869229470751349	1.57614122694407	98.3421742950515	0.687455056472659	KPNA2	0.576786332574256	1.78030791014964	0.152177693708422	3.7902160199602	0.000150516326922462
ENSG00000012048.18	0.0975703821629732	0.01110719371869	8.78443148054511	1.70447295326034e-17	14598	1.04460873691372	7.4982066498184e-11	0.730124971132387	1.35909250269505	97.9721318470315	0.537054579472757	BRCA1	0.386324277697857	1.47156178812022	0.149791837585513	2.57907429353293	0.00990654782772323
ENSG00000165304.6	0.10153751187863	0.00591321044858664	17.1713002203226	6.72647798189892e-54	14955	3.00237362688148	7.52938681195864e-19	2.33871144728049	3.66603580648247	98.2395150281125	2.42490489416229	MELK	0.424235339248249	1.52842124896965	0.151091719820799	2.80780005516788	0.0049881186433787
ENSG00000105821.13	0.195219578994327	0.020079895186386	9.72214133501473	8.02088025071444e-21	15096	0.541192291455369	6.83712289334569e-16	0.409807948881398	0.67257663402934	96.2418107604936	0.0918865769535499	DNAJC2	0.412203290480748	1.51014140249775	0.150111380395192	2.74598294543396	0.00603298997150918
ENSG00000111206.11	0.10299162446251	0.0063748590313623	16.1559061864464	6.94135611614643e-49	15159	2.62576537454203	3.71637308541796e-18	2.03334966585873	3.21818108322534	98.4477696235964	1.95278535595669	FOXM1	0.476358819298174	1.61020068339226	0.151103425905884	3.15253487101528	0.0016185948784975
ENSG00000087586.16	0.110822837221249	0.00787686298848106	14.0694128339307	5.60590485350821e-39	15164	1.96705226751278	2.70879158156758e-18	1.52507784368337	2.40902669134219	98.5250197485053	1.07837531156325	AURKA	0.411208736836769	1.50864023248376	0.149925568617835	2.74275255800398	0.00609265772102859
ENSG00000176890.14	0.134178474044907	0.0102282690164979	13.1183950899689	1.1119473799419e-34	15269	1.50680816633609	3.13595511172031e-15	1.13228061273345	1.88133571993872	97.2063693482218	0.760369502993725	TYMS	0.478336230471447	1.61338786235793	0.150681633461018	3.17448264585739	0.00150103866417852
ENSG00000072571.18	0.113237374404805	0.00689868528845248	16.4143412360541	3.76507843602139e-50	15450	2.19316488874307	2.49733808467642e-16	1.6686612309555	2.71766854653064	97.4240852402738	1.51507071447538	HMMR	0.532861555051504	1.70380085943936	0.15192846247456	3.50731881552959	0.000452646483084992
ENSG00000135451.11	0.0981778133519608	0.00570057037781511	17.2224543940443	3.7363675266775e-54	15524	3.05680604773272	1.70567912668415e-20	2.41115189446365	3.7024602010018	97.9826411039226	2.31354463564666	TROAP	0.422881934028372	1.52635407485078	0.150195822680102	2.8155372531835	0.00486957508799808
ENSG00000144554.9	0.183276600022712	0.0125490246826725	14.6048481581025	1.83829346193867e-41	15551	1.37452565459847	2.7267541281938e-13	1.0058476053619	1.74320370383504	98.1479249283681	0.751628726806147	FANCD2	0.401062305767236	1.4934103136767	0.149752213220466	2.67817281055333	0.00740250152496793
ENSG00000114346.12	0.132841933999533	0.00945326430612817	14.0524933713551	6.70532048329024e-39	15587	1.5875903360561	2.47694914816785e-12	1.14336504155478	2.03181563055743	99.0486945965783	1.13411091111026	ECT2	0.572039208059642	1.77187659491088	0.15174437917327	3.76975550050823	0.000163407549685124
ENSG00000141338.12	-0.0825074635451546	0.0051852236716364	-15.9120355784221	1.06849914464881e-47	15962	-3.50846539576127	6.42430688739014e-18	-4.30576159334343	-2.71116919817911	98.9556109116425	3.61306393113169	ABCA8	-0.493735440367478	0.610342233650135	0.150387457496606	-3.28308921891722	0.00102676164349789
ENSG00000154330.11	-0.0899406379244056	0.00703476260869602	-12.7851702931987	3.26610745940952e-33	16004	-2.91164032084208	1.61588146512956e-11	-3.75869872094297	-2.06458192074119	99.3138509548611	4.00878781829002	PGM5	-0.445082407759555	0.640771469315334	0.150576919430927	-2.95584747942545	0.00311811242425435
ENSG00000134201.9	-0.11783463480279	0.00703364254222526	-16.7530030272921	8.05720910178913e-52	16182	-2.95093230441581	5.56888097354487e-22	-3.5510779864988	-2.35078662233283	98.0905022555576	1.95018054872537	GSTM5	-0.403321347329493	0.668097373517805	0.150570014158116	-2.67862993561227	0.00739240441997042
ENSG00000117877.9	0.164566078356534	0.0146176592521848	11.2580321867838	9.08384838867739e-27	16368	0.904123796063296	6.89880642759688e-17	0.691870504379239	1.11637708774735	97.5206131746394	0.249312421357122	CD3EAP	0.504176174402015	1.65562101550783	0.15021311157464	3.3564059030326	0.000789625857164568
ENSG00000165891.14	0.0831858744020853	0.00707859582248439	11.7517480144656	8.48405703801398e-29	16431	2.75397259113759	8.71502572153095e-15	2.05810072232327	3.4498444599519	98.2144805051074	2.69313884897667	E2F7	0.507901822813776	1.66180078198515	0.150648639046793	3.37143319732226	0.000747781716273283
ENSG00000100526.18	0.0977364130406147	0.00686934952743999	14.2278992574481	1.0421479638535e-39	16596	2.19717084831839	1.58687978641578e-24	1.77586960703447	2.61847208960232	96.584513986574	0.9422372359103	CDKN3	0.545649887408563	1.72572954792507	0.153784102340144	3.54815536265042	0.000387939318416846
ENSG00000151725.10	0.124363386034319	0.0084835026886793	14.6594385123817	1.02024439503401e-41	16707	2.05278653757051	9.68745371325201e-15	1.53319006326854	2.57238301187249	98.4266274351194	1.5000935661567	CENPU	0.477067979725056	1.6113429789838	0.151855428540291	3.14159318709161	0.00168031327513972
ENSG00000164611.11	0.108051397815871	0.00837744102788554	12.8979001411297	1.04649443598784e-33	16789	2.19146064902301	1.18099854468245e-16	1.67303226961939	2.70988902842663	98.004865732203	1.43353212807902	PTTG1	0.484838494731247	1.62391271720424	0.152535973796302	3.17851902514947	0.00148029503040544
ENSG00000198826.9	0.112904179237393	0.0094498913923855	11.9476695074367	1.28373514895973e-29	16824	1.77125114813002	3.5393883295897e-14	1.31306991155582	2.22943238470423	98.3439247971094	1.16437081263663	ARHGAP11A	0.488946538214496	1.63059754263518	0.150828584831138	3.24173656314485	0.00118803786964305
ENSG00000051180.15	0.122475355414508	0.00892482364450079	13.7230000606201	2.14658673804955e-37	17013	1.89496593246051	3.1825547291116e-15	1.42384903482944	2.36608283009159	98.4025178713356	1.22284965939822	RAD51	0.41474798927752	1.51398915111194	0.150576092059639	2.75440797808227	0.00587984222012261
ENSG00000101938.13	-0.0561557387831852	0.00494677099021971	-11.3519988886106	3.76834963776403e-27	17044	-4.39638340592315	3.25949596675324e-20	-5.33196420200376	-3.46080260984254	98.3798062412013	4.89742720197693	CHRDL1	-0.484727727727545	0.615864856862755	0.151700257159911	-3.19529931459893	0.00139685891357808
ENSG00000157456.6	0.119723629284714	0.00697833410406653	17.1564771046067	7.97501618373439e-54	17102	2.44575978358021	3.24491820545331e-16	1.85858624205359	3.03293332510684	98.3472341798498	1.90082348166245	CCNB2	0.515985112814905	1.67528803688885	0.151160569048345	3.41349014536907	0.000641364780270888
ENSG00000184445.10	0.146635170497748	0.00961633783003387	15.2485460774657	1.66822657995346e-44	17129	1.3707305048787	3.45483947547017e-16	1.04134254103353	1.70011846872387	98.4804495737377	0.616646022603462	KNTC1	0.397384235691394	1.48792753509394	0.149508503253152	2.65793735503144	0.00786205055522175
ENSG00000106636.6	0.170502182750895	0.0191533744968568	8.90193959183933	6.73218497111681e-18	17539	0.507377010677185	5.56595020552721e-11	0.355668721178946	0.659085300175425	97.7492894706849	0.126225016143965	YKT6	0.456449106791296	1.57845908229879	0.150632556251525	3.03021550022109	0.00244379301604881
ENSG00000175305.15	0.115439980391529	0.00967650702270329	11.9299226591455	1.52439976475446e-29	17586	1.2486869938232	3.00304269391548e-12	0.897937743727283	1.59943624391912	97.3711397912917	0.639999857118911	CCNE2	0.434067503847977	1.54352305834571	0.150565832750573	2.88290839905926	0.00394022001893181
ENSG00000166091.18	-0.0287748559081065	0.00307009318784313	-9.3726327337712	1.48894994548962e-19	17665	-4.166785531495	3.11042757325261e-16	-5.16651415928782	-3.16705690370218	98.2277586886679	5.53896232262287	CMTM5	-0.402663625817104	0.668536940073081	0.149906944664156	-2.68609053916222	0.00722934961224846
ENSG00000267123.4	0.0321590730673	0.00426438209716075	7.54132071999639	1.76608815963593e-13	17734	3.63724405142918	3.01626253835799e-11	2.56455236098283	4.70993574187552	95.0918991118704	5.73033926470964	CTD-2357A8.3	0.495063809866502	1.64060292237055	0.151128962742487	3.27577057952852	0.00105374121312819
ENSG00000156787.15	0.111582226930328	0.0140356300581059	7.9499264705888	9.53570223989163e-15	18191	0.78765205922291	1.18240935211745e-12	0.570446395665789	1.00485772278003	97.8202902175847	0.262038358566501	TBC1D31	0.535747914833273	1.70872574579401	0.151133648497656	3.54486191631628	0.000392818814380529
ENSG00000139304.11	-0.0413777848431755	0.00301652965126941	-13.7170157852627	2.28519254559746e-37	18200	-3.29122828780366	1.13061788571674e-12	-4.19804016518809	-2.38441641041924	96.5054171936719	4.25431093414168	PTPRQ	-0.458753353853821	0.63207112358201	0.151002786613254	-3.03804561586518	0.00238117906917317
ENSG00000225194.2	-0.0805983277806428	0.00683729911976114	-11.788035943564	5.9885185334464e-29	18448	-1.96365828386062	3.50283798306936e-13	-2.49279804975414	-1.4345185179671	97.9417142425196	1.56406235869886	LINC00092	-0.403398467632555	0.668045851632601	0.149938751238849	-2.69042168418457	0.00713617826153444
ENSG00000170312.14	0.104375446525425	0.00813303433315544	12.8335184938202	2.00598755295663e-33	18487	2.11587499921516	1.05491067993198e-12	1.53368296366461	2.69806703476571	98.6394271050317	1.91752092457732	CDK1	0.601343361340527	1.82456820919699	0.153107736479905	3.92758312000421	8.5803771070745e-05
ENSG00000103550.12	0.292363327176016	0.0171348249023491	17.0625220182982	2.34384679962893e-53	18607	0.719293463212573	1.1196645572462e-12	0.521148365140413	0.917438561284733	97.9860739043466	0.218251695967448	C16orf88	0.444418913687772	1.55958367974706	0.149868677929193	2.9653888979907	0.00302300514373049
ENSG00000129195.14	0.0968040672418785	0.00640876924021759	15.1049388132739	8.0527430281417e-44	18678	2.41336680644134	1.56008527279872e-12	1.74423611336977	3.08249749951291	98.1717513267107	2.47079181703772	FAM64A	0.413387386658815	1.51193061425113	0.150398138928106	2.74862035930128	0.0059846658193283
ENSG00000119203.12	0.273335380620013	0.0219935442683208	12.4279823790712	1.15913491202747e-31	19022	0.526995469197949	5.94838079644174e-11	0.369182245412948	0.68480869298295	98.4625357748919	0.139100662822526	CPSF3	0.449740983130248	1.56790601878137	0.152118804281633	2.95651142706588	0.00311140702137589
ENSG00000125319.13	0.12171910888995	0.00787357139200343	15.4591992413469	1.63838041937422e-45	19069	1.55599224991131	1.18791906626021e-14	1.16081816620254	1.95116633362008	98.4700021029653	0.86991399457256	C17orf53	0.434303412798412	1.54388723220462	0.150544809560463	2.88487802446609	0.0039156534027262
ENSG00000198624.11	-0.134090872006271	0.00993536452977411	-13.4963213080336	2.27434199532215e-36	19341	-1.82363312957278	4.25534015038234e-14	-2.29686000998398	-1.35040624916159	98.6232917997852	1.23162273337925	CCDC69	-0.42513858699883	0.653679187415378	0.150236634835932	-2.82979306254501	0.00465781200313276
ENSG00000163815.5	-0.097155218483085	0.00465765495873521	-20.8592562875176	8.42675008199426e-73	20222	-2.88093589993374	8.20316590796549e-15	-3.60816910782049	-2.153702692047	98.9276394891287	3.00673239363598	CLEC3B	-0.418565275359348	0.657990177645049	0.149674911205554	-2.79649589893203	0.00516600666000709
ENSG00000165480.14	0.115469055050373	0.00652423545665481	17.6984806599206	1.53063210841438e-56	20375	2.58654030002238	3.34121821959643e-21	2.05016567953204	3.12291492051272	97.9102525312786	1.59070937102316	SKA3	0.421583493040321	1.52437348027857	0.151016179352679	2.79164454330266	0.00524409295633417
ENSG00000169762.15	-0.146232661918143	0.0152265853916313	-9.60377249114004	2.17558415385162e-20	20549	-0.671221409675491	3.05916728905378e-13	-0.851639935757268	-0.490802883593715	98.0453901909803	0.182384352909099	TAPT1	-0.44901525021498	0.63825636507277	0.150291224809885	-2.98763451281319	0.00281145545316733
ENSG00000138180.14	0.110732258996329	0.00650952878693911	17.0107948855692	4.2396666508363e-53	20597	2.66961053488706	2.06807293898538e-18	2.0718689253282	3.26735214444592	97.6940419565609	1.93914545580526	CEP55	0.404633761839778	1.49875349880627	0.150229590156106	2.69343583657065	0.00707197559633862
ENSG00000181778.4	-0.0188676116195	0.00283056093967599	-6.66567935529407	6.05785068746331e-11	20879	-4.33166120855466	5.17604296106041e-15	-5.4169710945744	-3.24635132253493	97.9265468900728	6.47295134867625	TMEM252	-0.428598157183411	0.651421645701955	0.151372595806292	-2.8314118212776	0.00463430098328377
ENSG00000169679.13	0.10763602431912	0.007639463065177	14.0894750587588	4.53279861180661e-39	20946	2.65715167772868	2.22421207266902e-22	2.12196230164265	3.19234105381471	97.7219939965908	1.57491428867587	BUB1	0.391313547402469	1.47892215292237	0.149710032760862	2.61380977738166	0.00895388726154877
ENSG00000213551.4	0.209409513343433	0.0193878945740734	10.8010445664104	6.13217437650853e-25	21034	0.593421987671213	4.32272380288234e-13	0.432886814707511	0.753957160634914	97.5020815960404	0.137325560648748	DNAJC9	0.603211394113236	1.82797974784876	0.153648822611915	3.92590964160412	8.64025884363931e-05
ENSG00000152253.7	0.11468434537967	0.00821655778610803	13.9577117772566	1.82496193549201e-38	21266	2.18960753415797	3.1251544812512e-18	1.69671215924604	2.6825029090699	97.0016397706478	1.30862535976326	SPC25	0.54394800746157	1.72279506119387	0.152250391042459	3.57271993679067	0.00035329254224484
ENSG00000112984.10	0.125039761803899	0.0066937331055345	18.6801236070369	1.59316926880531e-61	21892	2.81355961158457	8.71127480607887e-18	2.17158090967541	3.45553831349373	97.8975442426334	2.28272283186704	KIF20A	0.57478885533042	1.77675533488742	0.152313955606104	3.77371103680656	0.000160837043558735
ENSG00000205038.10	-0.0661928466295193	0.00492042244502082	-13.4526755312448	3.57457543565009e-36	21927	-3.40388982298948	3.05467878189392e-30	-3.98771127282645	-2.8200683731525	96.105302385495	1.83266820371255	PKHD1L1	-0.542560018042931	0.581258314281342	0.152633105444382	-3.55466801558744	0.000378456620687731
ENSG00000198554.10	0.130658243495084	0.0108390434044568	12.05440725898	4.55264960871972e-30	22231	1.22899710195167	4.76081557280611e-14	0.909457529505319	1.54853667439802	98.6128630904354	0.57444598834102	WDHD1	0.423290789560656	1.52697826075074	0.150126225153205	2.8195659294616	0.00480886511473323
ENSG00000172167.6	0.135575706799	0.0110975486431714	12.2167256173662	9.31316149774163e-31	22391	1.21096654582359	7.78831767051655e-15	0.905541515801623	1.51639157584555	98.3112676632374	0.524504432462722	MTBP	0.436291676819608	1.54695994130742	0.14965050435471	2.91540398544521	0.00355228390814919
ENSG00000198300.11	-0.0750833130174575	0.00777647710532427	-9.65518344624851	1.41194823140967e-20	22803	-2.57998321334523	3.92328822970259e-20	-3.13021138608161	-2.02975504060885	98.0940085929228	1.66332916900225	PEG3	-0.400608885836013	0.669912021886681	0.15085054324072	-2.6556675052654	0.00791516130211618
ENSG00000186185.12	0.0992510977177997	0.00566675434716222	17.5146285929092	1.28649382330893e-55	23158	3.08195342435422	1.9892355883891e-22	2.46192591533921	3.70198093336922	97.0396443595409	2.085225729202	KIF18B	0.529431354394819	1.69796649285722	0.151394271915319	3.49703689377991	0.00047045676397022
ENSG00000118193.10	0.106339593697638	0.00581203591102983	18.2964447098187	1.44041427062735e-59	23219	2.68344352439345	1.80211716096335e-17	2.06511266948328	3.30177437930362	97.5704049800057	2.12717222783382	KIF14	0.597128876863063	1.81689477594181	0.15201214857727	3.9281654950067	8.55963023848639e-05
ENSG00000113594.8	-0.100818749233811	0.00857560321124336	-11.7564615281674	8.1090306538848e-29	23238	-2.06665859326466	6.97529738109168e-13	-2.63081212734491	-1.5025050591844	98.8997531798727	1.78078228167821	LIFR	-0.417531021206233	0.658671058760354	0.149873755342738	-2.7858848285439	0.00533818344926132
ENSG00000146151.11	-0.055685046009289	0.00564509530306257	-9.86432345598821	2.39199489182782e-21	23705	-3.44985293360788	9.14163082148637e-13	-4.39647631765417	-2.5032295495616	98.6798394158637	5.0639732044078	HMGCLL1	-0.564284386789136	0.568767018351069	0.153051151843821	-3.6869006210744	0.000227001954399183
ENSG00000108924.12	-0.0490607072860544	0.00549228564916926	-8.93265762560532	5.27277727282633e-18	23934	-2.42511929603008	4.93696308486637e-14	-3.05604770286453	-1.79419088919563	98.9979829522988	2.26303886276882	HLF	-0.46362677929062	0.628998265843777	0.151737194294746	-3.0554590220644	0.00224716308147537
ENSG00000121621.6	0.10028583242691	0.0115617782644511	8.673910719708	4.0493735363733e-17	24372	1.93050239376378	1.41168426662347e-11	1.3705079851804	2.49049680234716	99.0171378880858	1.7984608044005	KIF18A	0.557440894291415	1.74619807201614	0.151807089416629	3.67203466210685	0.000240627035359204
ENSG00000049541.9	0.136927280653104	0.0170725973724917	8.02029577958234	5.69872988047653e-15	25058	0.775340245165132	1.1716812484872e-16	0.591940803192166	0.958739687138097	97.8172078510329	0.181728017518453	RFC2	0.477456750632594	1.61196954404334	0.152232813004793	3.13635898337871	0.00171059678469036
ENSG00000113643.7	0.253340664302928	0.0245567874934415	10.3165230537826	4.70576171272494e-23	25174	0.308768875944517	7.10510569860762e-15	0.231008723712311	0.386529028176724	94.45580101704	0.0308503807683746	RARS	0.41334270240519	1.5118630562695	0.150775705019974	2.74144101896544	0.00611703419001247
ENSG00000121211.6	0.135262668750123	0.00716035088874332	18.8905084194642	1.33425844801647e-62	25185	2.00144297879348	1.25627645790607e-20	1.58017790778402	2.42270804980295	96.0887154895995	0.875680889259268	MND1	0.462865543203672	1.58861972733628	0.150336143739235	3.07887066736615	0.00207786865117666
ENSG00000146122.15	-0.0684688927131152	0.00828156631601234	-8.26762596596384	9.07672353645228e-16	25302	-1.64111629186338	1.03733473649697e-14	-2.05697894174583	-1.22525364198094	97.6967688790601	0.92410947407256	DAAM2	-0.537028415678233	0.584482513419576	0.150924616242681	-3.5582559627961	0.000373325421124048
ENSG00000256663.1	0.0607003414158055	0.00419355867541701	14.4746612874731	7.45510221201358e-41	25483	3.39619418446389	2.10746458170228e-12	2.44895554428191	4.34343282464587	94.3215448531312	4.29603880048992	NA	0.430454870835767	1.53795693622196	0.150144210976628	2.86694284139116	0.00414457859599847
ENSG00000100162.13	0.102320643849131	0.00911803740600503	11.2217837340461	1.27391331533828e-26	25990	2.23410472677778	4.02434365810596e-19	1.7441069716152	2.72410248194035	96.9338735825144	1.25542576017322	CENPM	0.509072692695324	1.66374767402612	0.152719566987334	3.3333822426143	0.000857969815177254
ENSG00000186871.6	0.126234149304364	0.00667082140821938	18.9233291643554	9.05641612845546e-63	26196	2.26917682247371	1.1049609054049e-20	1.79225647852128	2.74609716642614	97.9047873443855	1.23239773552154	ERCC6L	0.424888824676174	1.52942037640563	0.150417507969406	2.8247298496834	0.00473204946951873
ENSG00000198901.12	0.130533106776653	0.00835143667170809	15.6300181523086	2.47142491430203e-46	26787	1.90539938028059	4.08447691199316e-19	1.48741862743837	2.3233801331228	98.4585728672985	0.958886355788211	PRC1	0.549140887038322	1.73176459718617	0.151227704965087	3.6312188111636	0.000282085889981804
ENSG00000129810.13	0.114132681993567	0.00645700902247924	17.6757817119706	1.99147789274449e-56	27089	2.24971196520264	1.84134770609111e-12	1.62391652495254	2.87550740545274	98.1539283071507	2.17672404151458	SGO1	0.440097390396042	1.55285844464615	0.150900387052563	2.91647621979089	0.00354009708145095
ENSG00000089685.13	0.0968407161347538	0.00571931705451256	16.9322167684944	1.04194916309303e-52	27200	2.8758468966213	2.63397348891152e-19	2.24838012314884	3.50331367009376	97.479743351399	2.11241750247446	BIRC5	0.454127061988756	1.57479808173935	0.151731586230416	2.99296325353858	0.00276283012426574
ENSG00000186193.8	0.116915131429427	0.00587017069304858	19.9168197217634	6.79953495527282e-68	27949	2.14072512087096	4.98436614758693e-12	1.53317640296301	2.74827383877891	98.3137714903673	2.06901841473375	SAPCD2	0.443143320845857	1.5575955542577	0.150593482768756	2.94264607404244	0.00325420220796815
ENSG00000111665.10	0.115416976806238	0.00678142914402752	17.01956539764	3.83448130580035e-53	28267	2.05599934559195	5.66706732728546e-16	1.55827812064786	2.55372057053605	98.1890669276259	1.33552885731771	CDCA3	0.523260445098271	1.68752075862834	0.151796388463533	3.44712051712599	0.000566595770777635
ENSG00000089250.17	-0.0450709374722945	0.00370389907570834	-12.1685112231831	1.49406370827423e-30	28338	-3.16360147013916	9.34061729163942e-18	-3.88612477486548	-2.44107816541284	96.445651847563	2.81696569201789	NOS1	-0.386479996976996	0.679444316178994	0.149940922170405	-2.57754848631495	0.00995039206344709
ENSG00000184601.9	-0.018132628030175	0.00262368942254676	-6.91111831848375	1.25086562555394e-11	28556	-5.97571700226966	2.80319194478523e-30	-6.99997923389062	-4.9514547706487	96.7268549982841	5.77495743185301	C14orf180	-0.408931858578559	0.664359501180615	0.149965904824863	-2.72683220266719	0.00639455480175019
ENSG00000185298.11	0.166164684878691	0.0159625430118916	10.4096624676221	2.0642544291716e-23	28809	0.704215098515875	8.37938649835274e-13	0.511304622791528	0.897125574240222	97.4888142874928	0.206647123340862	CCDC137	0.540779017573648	1.71734418251739	0.150794942052455	3.58618803928806	0.000335547043585951
ENSG00000178999.11	0.101726938955923	0.00598694500884366	16.9914603868343	5.29024885789528e-53	29276	2.72033229287741	1.05663563261114e-14	2.03078468803692	3.40987989771789	98.0603281391463	2.58903200487764	AURKB	0.402587785322824	1.49569021911075	0.150728999275451	2.6709378238962	0.00756396561903403
ENSG00000185480.10	0.120216483663726	0.00934006709846935	12.8710513957043	1.37302694617136e-33	29395	1.42345285651476	1.54360168379824e-12	1.02886823549856	1.81803747753096	98.3344134260259	0.882043251413399	C12orf48	0.4195703909324	1.52130784756331	0.150149626580549	2.79434854742923	0.00520043939657512
ENSG00000108424.8	0.2238647239936	0.0224436132373618	9.97454026791611	9.28488204792223e-22	29396	0.359149256562986	1.15721244853587e-12	0.260150427182043	0.458148085943929	96.0796736315632	0.0521562982377108	KPNB1	0.459020300085273	1.58252282780481	0.151017787484826	3.03951148887939	0.00236962164405832
ENSG00000162062.13	0.131658839999492	0.00614417948491139	21.4282216726926	8.84714729917972e-76	29427	2.13850615341147	7.66966517439638e-21	1.69090390058438	2.58610840623856	97.6949638955367	1.09856297781078	C16orf59	0.456456212043474	1.57847029768847	0.150536120973519	3.03220389293657	0.00242775156930038
ENSG00000134057.13	0.12046841065313	0.00727416480815579	16.56113297269	7.13827440265727e-51	29904	1.89692789227541	1.14183113484295e-14	1.41548131463539	2.37837446991543	98.8632687128603	1.30395957572954	CCNB1	0.586254302171956	1.79724385932864	0.153345532439252	3.82309345989066	0.000131787798066064
ENSG00000156970.11	0.119668417316476	0.00632733752037375	18.9129182584537	1.02410470211116e-62	30305	2.52470923483561	4.59650474865762e-15	1.89334119313984	3.15607727653139	98.3212644057028	2.20599596351916	BUB1B	0.453955556165733	1.57452801785768	0.15031931378457	3.0199416477933	0.00252823389678627
ENSG00000146410.10	0.0743555038071859	0.00976366694887876	7.61553053750208	1.04880700779798e-13	30610	2.02036162052659	1.17401342118092e-17	1.5575183847973	2.48320485625588	97.6583134430781	1.17259987121927	MTFR2	0.425538454442854	1.53041425619991	0.150221992326801	2.8327307330415	0.00461522447679797
