	idx	beta	pval	cilb	ciub	i2	tau2	V1	V2
ENSG00000104219	27996	-0.802258558	7.86E-12	-1.032105737	-0.572411379	96.45977758	0.277513497	ZDHHC2	8
ENSG00000128918	21643	-2.278058918	4.11E-17	-2.808982502	-1.747135333	97.63304896	1.544318539	ALDH1A2	10
ENSG00000274736	15198	-3.07248236	7.95E-13	-3.913303911	-2.23166081	98.03250965	3.85651834	CCL23	14
ENSG00000163644	12277	-1.112695055	4.11E-13	-1.41342746	-0.81196265	97.61290565	0.496124932	PPM1K	22
ENSG00000039537	21319	-3.476826303	3.33E-11	-4.504489512	-2.449163093	98.3088134	5.761982983	C6	32
ENSG00000069702	25103	-2.04016453	4.19E-20	-2.47559776	-1.604731301	98.08963079	1.046751036	TGFBR3	36
ENSG00000165495	13963	-2.30315278	5.87E-15	-2.881393463	-1.724912098	98.35042591	1.899387467	PKNOX2	41
ENSG00000215301	15452	-0.32789187	1.58E-12	-0.418823213	-0.236960528	86.88604342	0.036608441	DDX3X	41
ENSG00000153823	27049	-1.9628047	3.08E-15	-2.45054277	-1.47506663	98.30351869	1.305368071	PID1	42
ENSG00000184226	12966	-2.581919383	1.29E-12	-3.295084127	-1.868754638	98.48063243	2.895973814	PCDH9	45
ENSG00000160808	25061	-2.668998389	1.84E-16	-3.304442807	-2.03355397	96.80082047	2.117550122	MYL3	47
ENSG00000104695	29803	-0.526758268	1.70E-11	-0.680174192	-0.373342345	97.73757284	0.130284187	PPP2CB	48
ENSG00000180287	16680	-3.145646981	4.34E-11	-4.080937565	-2.210356397	98.48616676	5.010379737	PLD5	48
ENSG00000166912	22123	-0.765177239	2.79E-22	-0.919663584	-0.610690895	97.34514247	0.127549309	MTMR10	51
ENSG00000169762	20549	-0.67122141	3.06E-13	-0.851639936	-0.490802884	98.04539019	0.182384353	TAPT1	52
ENSG00000172493	27187	-0.527549585	3.77E-12	-0.676422307	-0.378676862	93.85227257	0.114318567	AFF1	53
ENSG00000167220	24074	-0.466663577	1.07E-14	-0.584986044	-0.34834111	95.80537541	0.071608115	HDHD2	55
ENSG00000131381	2344	-0.40755833	5.87E-11	-0.529569463	-0.285547196	95.59376321	0.075567676	RBSN	56
ENSG00000159761	11359	-0.857490032	3.55E-11	-1.111302691	-0.603677373	96.2693717	0.343158419	C16orf86	57
ENSG00000186594	9549	-1.200826184	2.37E-24	-1.431965794	-0.969686574	93.25399658	0.257949373	MIR22HG	58
ENSG00000131370	5854	-1.442188863	2.07E-13	-1.827074093	-1.057303634	97.43205646	0.792014311	SH3BP5	58
ENSG00000148218	6952	-0.884378964	3.28E-12	-1.133234303	-0.635523625	98.27883501	0.330685072	ALAD	60
ENSG00000069020	16862	-0.641042681	3.30E-11	-0.830478468	-0.451606894	94.29488643	0.178388289	MAST4	60
ENSG00000147588	10973	-5.082896584	6.51E-14	-6.41165201	-3.754141158	98.28866737	9.985036628	PMP2	61
ENSG00000106034	30582	-2.227404385	1.53E-13	-2.818591558	-1.636217212	98.5488574	1.940187955	CPED1	61
ENSG00000205362	147	-2.548745468	3.32E-12	-3.266105948	-1.831384989	96.23628445	2.689549738	MT1A	63
ENSG00000034971	1743	-5.839642749	1.27E-12	-7.452179362	-4.227106137	98.9073513	15.01573564	MYOC	65
ENSG00000135447	13945	-3.621543663	3.02E-16	-4.490094342	-2.752992985	98.00053215	4.049830646	PPP1R1A	66
ENSG00000145390	27880	-0.776142856	2.34E-14	-0.975498191	-0.576787521	95.27841622	0.205253934	USP53	66
ENSG00000111339	28264	-2.513060167	4.95E-15	-3.142255248	-1.883865086	97.12147904	2.056010063	ART4	67
ENSG00000070193	793	-4.446420473	9.99E-18	-5.462831299	-3.430009647	97.95485944	5.536127395	FGF10	68
ENSG00000159658	29095	-0.425693717	1.37E-12	-0.543414361	-0.307973074	95.61471453	0.072789835	EFCAB14	68
ENSG00000164169	17820	-0.407982355	1.08E-11	-0.525653013	-0.290311697	94.23543514	0.070423756	PRMT9	68
ENSG00000189056	7167	-2.702117119	1.77E-11	-3.489761426	-1.914472813	98.3422601	3.507272217	RELN	70
ENSG00000205364	20945	-2.862995582	6.22E-13	-3.642843489	-2.083147675	97.94471688	3.313529716	MT1M	71
ENSG00000133800	20512	-3.061050446	1.76E-21	-3.691380724	-2.430720169	97.4800378	2.11104692	LYVE1	73
ENSG00000179388	6483	-1.626900576	5.83E-12	-2.090125357	-1.163675795	93.18932468	1.109832637	EGR3	73
ENSG00000161896	139	-2.048005156	2.96E-14	-2.57616589	-1.519844422	94.70200419	1.445193237	IP6K3	78
ENSG00000110422	30304	-0.610876788	1.06E-13	-0.771954008	-0.449799568	95.91526824	0.140255194	HIPK3	78
ENSG00000269067	21052	-3.824285416	2.40E-11	-4.946485021	-2.702085811	97.16494581	6.449830852	ZNF728	78
ENSG00000108924	23934	-2.425119296	4.94E-14	-3.056047703	-1.794190889	98.99798295	2.263038863	HLF	79
ENSG00000139946	16682	-1.057260265	9.64E-12	-1.361469856	-0.753050673	97.77928482	0.509164788	PELI2	79
ENSG00000108381	6098	-3.347050083	2.84E-18	-4.099542641	-2.594557524	98.89136051	3.121545576	ASPA	80
ENSG00000175806	10364	-0.913527303	1.98E-11	-1.1804775	-0.646577106	98.25571471	0.389088044	MSRA	84
ENSG00000170624	18986	-1.484770631	8.79E-11	-1.933415984	-1.036125278	96.13847779	1.012530057	SGCD	84
ENSG00000198848	13672	-2.743142664	1.61E-13	-3.471915175	-2.014370154	97.7326298	2.810547824	CES1	86
ENSG00000152580	2484	-2.96211719	2.29E-34	-3.437023171	-2.487211208	94.66397492	1.106572432	IGSF10	88
ENSG00000187824	18384	-1.636912958	1.09E-12	-2.087563624	-1.186262292	99.29579933	1.193261101	TMEM220	88
ENSG00000031003	23683	-0.616607765	6.14E-11	-0.80138991	-0.43182562	96.77918213	0.176544902	FAM13B	89
ENSG00000272573	28462	-2.330049355	6.55E-11	-3.029330591	-1.630768119	88.29917291	2.319069585	MUSTN1	89
ENSG00000113389	1577	-1.396201023	8.50E-19	-1.70529699	-1.087105057	87.27854879	0.410242631	NPR3	90
ENSG00000198624	19341	-1.82363313	4.26E-14	-2.29686001	-1.350406249	98.6232918	1.231622733	CCDC69	90
ENSG00000154258	15432	-2.408635561	6.44E-15	-3.014252829	-1.803018294	98.01789758	2.026540491	ABCA9	91
ENSG00000174306	5623	-0.686709021	1.04E-11	-0.884632284	-0.488785758	95.89094979	0.204142693	ZHX3	91
ENSG00000165406	3050	-0.545771192	6.93E-11	-0.709781563	-0.38176082	97.31274358	0.144314567	8-Mar	91
ENSG00000244734	26298	-2.259066261	1.94E-11	-2.918906951	-1.599225571	96.69610027	2.365838758	HBB	92
ENSG00000109458	20701	-0.748830581	1.42E-12	-0.956061374	-0.541599787	96.4006064	0.220849239	GAB1	93
ENSG00000107562	27236	-2.229441606	8.77E-15	-2.792831607	-1.666051606	98.57780351	1.809713979	CXCL12	95
ENSG00000134020	23901	-2.819267962	9.48E-11	-3.672649986	-1.965885937	98.1789671	4.056601935	PEBP4	95
ENSG00000203907	25797	-2.462908536	1.12E-13	-3.11297002	-1.812847053	86.60697343	1.880699484	OOEP	96
ENSG00000117791	24840	-0.989519082	8.03E-12	-1.273139323	-0.705898841	97.5899872	0.420670926	2-Mar	96
ENSG00000115896	15762	-1.639816685	3.86E-11	-2.126093779	-1.15353959	98.26363387	1.266344599	PLCL1	96
ENSG00000146122	25302	-1.641116292	1.04E-14	-2.056978942	-1.225253642	97.69676888	0.924109474	DAAM2	99
ENSG00000011465	23099	-2.62599109	1.94E-11	-3.392936563	-1.859045616	98.82754242	3.288413609	DCN	100
ENSG00000109819	7874	-1.82667237	4.15E-12	-2.34316044	-1.310184301	97.96593425	1.421871111	PPARGC1A	101
ENSG00000123560	584	-4.024065313	6.39E-15	-5.035733251	-3.012397376	98.23686415	5.753790739	PLP1	102
ENSG00000166960	3203	-2.887074051	6.29E-27	-3.413719957	-2.360428146	96.13110528	1.394989641	CCDC178	105
ENSG00000165186	21228	-2.696939908	1.19E-12	-3.440763696	-1.95311612	96.73586428	2.904802939	PTCHD1	105
ENSG00000130844	22333	-0.884625521	5.93E-17	-1.091857337	-0.677393704	91.56787963	0.195572159	ZNF331	107
ENSG00000150625	3534	-3.899561212	8.76E-16	-4.849821384	-2.949301041	98.90126108	5.160576565	GPM6A	107
ENSG00000166275	28116	-0.72354749	3.31E-11	-0.937377015	-0.509717966	97.91971326	0.259353126	BORCS7	108
ENSG00000168216	25368	-0.637457401	4.60E-15	-0.796874243	-0.47804056	97.28136154	0.13642423	LMBRD1	109
ENSG00000254245	16561	-1.622995966	6.68E-13	-2.065668829	-1.180323103	95.95832907	1.020059299	PCDHGA3	109
ENSG00000156256	24008	-0.267307288	8.19E-11	-0.347944547	-0.186670029	91.49846827	0.030152365	USP16	109
ENSG00000164188	10182	-2.962815301	9.73E-16	-3.685964598	-2.239666005	97.92824915	2.863968516	RANBP3L	110
ENSG00000179636	28648	-3.708492921	8.24E-18	-4.554048123	-2.862937718	96.53022331	3.813427807	TPPP2	112
ENSG00000113638	2397	-0.421476593	4.94E-11	-0.547160384	-0.295792802	92.39441678	0.076597533	TTC33	113
ENSG00000163145	5793	-2.921520067	1.70E-17	-3.594174006	-2.248866129	98.47805914	2.54237832	C1QTNF7	114
ENSG00000119147	27397	-3.750265621	6.81E-13	-4.773540305	-2.726990936	98.94028445	5.954124139	C2orf40	114
ENSG00000077009	17203	-4.0165265	1.68E-12	-5.131744709	-2.901308292	94.80467865	6.642695651	NMRK2	114
ENSG00000114784	8024	-0.459011056	4.28E-15	-0.573666066	-0.344356045	94.48069545	0.066030017	EIF1B	115
ENSG00000116194	22739	-3.475315049	3.46E-16	-4.310463782	-2.640166316	98.96789666	3.940198418	ANGPTL1	116
ENSG00000266964	12056	-3.10796522	1.32E-14	-3.898660034	-2.317270406	98.95814172	3.564619188	FXYD1	117
ENSG00000261701	17762	-3.792297687	7.11E-15	-4.74736516	-2.837230214	96.43984411	4.980991184	HPR	119
ENSG00000166091	17665	-4.166785531	3.11E-16	-5.166514159	-3.167056904	98.22775869	5.538962323	CMTM5	120
ENSG00000123358	24449	-1.757686258	5.39E-11	-2.282852868	-1.232519648	95.05226467	1.463020775	NR4A1	121
ENSG00000175764	26090	-0.525407145	8.92E-16	-0.65347625	-0.39733804	93.03175381	0.073456518	TTLL11	125
ENSG00000161594	716	-1.71926915	3.63E-12	-2.204067431	-1.234470868	93.85919917	1.072099925	KLHL10	125
ENSG00000137077	7752	-3.035613438	6.86E-16	-3.772597587	-2.298629288	97.06894883	2.897337027	CCL21	127
ENSG00000171772	16637	-2.437729012	4.36E-11	-3.162589163	-1.712868861	91.52838328	2.678078227	SYCE1	127
ENSG00000142784	28281	-0.402535325	3.63E-13	-0.511079673	-0.293990978	94.71903121	0.061705844	WDTC1	128
ENSG00000113594	23238	-2.066658593	6.98E-13	-2.630812127	-1.502505059	98.89975318	1.780782282	LIFR	128
ENSG00000119414	6512	-0.232639384	1.56E-11	-0.300269673	-0.165009095	93.49308289	0.023162421	PPP6C	128
ENSG00000147576	24725	-1.666274027	9.91E-15	-2.088191214	-1.24435684	98.19334618	0.984813419	ADHFE1	129
ENSG00000165795	5497	-1.511818651	1.47E-17	-1.859201682	-1.164435621	98.45857772	0.680418394	NDRG2	130
ENSG00000172059	24597	-0.687056807	1.46E-12	-0.877299351	-0.496814262	95.57378002	0.18553039	KLF11	130
ENSG00000148488	30676	-2.294411267	1.37E-11	-2.959521289	-1.629301244	96.54140733	2.269841306	ST8SIA6	131
ENSG00000065809	11407	-0.822801141	1.65E-11	-1.062265648	-0.583336634	96.29696827	0.28490865	FAM107B	131
ENSG00000006128	30201	-3.93976054	1.40E-17	-4.844493973	-3.035027107	94.12272336	4.241887128	TAC1	132
ENSG00000005882	8293	-0.76611432	6.75E-17	-0.945911637	-0.586317002	95.23153803	0.167288487	PDK2	132
ENSG00000168300	182	-0.437811292	2.83E-17	-0.539320018	-0.336302565	92.47851112	0.051655624	PCMTD1	133
ENSG00000036473	29030	-4.67893354	4.29E-12	-6.002732743	-3.355134336	98.25903464	10.04909467	OTC	133
ENSG00000094963	5152	-2.806039684	1.66E-13	-3.551888597	-2.060190771	98.28886486	2.977175718	FMO2	134
ENSG00000205269	3764	-0.923683026	4.74E-11	-1.198859524	-0.648506529	97.22770772	0.422520891	TMEM170B	135
ENSG00000175611	27729	-0.515757064	2.55E-16	-0.639142178	-0.39237195	88.87028103	0.065538305	LINC00476	139
ENSG00000009307	16566	-0.399646776	7.91E-16	-0.496883339	-0.302410212	94.65812913	0.046460513	CSDE1	139
ENSG00000063127	21310	-1.108564566	9.69E-12	-1.427569934	-0.789559198	96.46320452	0.542361425	SLC6A16	139
ENSG00000144230	4597	-1.999809008	3.19E-11	-2.590336435	-1.409281581	96.7828862	1.869183474	GPR17	139
ENSG00000036672	2274	-1.693189543	3.79E-14	-2.131684269	-1.254694817	96.71259329	1.021362988	USP2	140
ENSG00000004776	11380	-3.009631823	4.02E-13	-3.822701606	-2.196562041	98.62773117	3.595590627	HSPB6	140
ENSG00000101204	17592	-3.794152056	3.57E-11	-4.917309452	-2.670994661	96.56352464	6.521784638	CHRNA4	140
ENSG00000198597	27571	-2.711329424	1.56E-11	-3.499526112	-1.923132736	97.47281453	3.452010017	ZNF536	141
ENSG00000164128	26514	-2.73029416	3.50E-24	-3.257784231	-2.202804089	96.88391031	1.429920619	NPY1R	144
ENSG00000223609	29037	-2.926820189	5.15E-12	-3.758023027	-2.095617351	88.55982975	2.805659886	HBD	144
ENSG00000186642	25867	-2.331867886	5.65E-17	-2.877764447	-1.785971325	98.52502241	1.619988111	PDE2A	147
ENSG00000131471	30349	-2.173755777	5.39E-12	-2.79168379	-1.555827765	98.62501414	2.048246073	AOC3	147
ENSG00000170271	22782	-1.700843725	1.14E-13	-2.149898223	-1.251789228	98.34865682	1.093220856	FAXDC2	149
ENSG00000128016	24826	-1.334367711	5.19E-11	-1.732710135	-0.936025287	94.47917407	0.806797689	ZFP36	151
ENSG00000112320	11229	-1.348943804	2.98E-11	-1.746651568	-0.951236039	97.85997938	0.857557378	SOBP	152
ENSG00000161649	22055	-4.522497727	6.48E-21	-5.467283649	-3.577711805	98.30211093	5.024765776	CD300LG	153
ENSG00000138356	16756	-3.107775322	2.29E-13	-3.938714555	-2.276836088	98.65167664	3.821907977	AOX1	154
ENSG00000146151	23705	-3.449852934	9.14E-13	-4.396476318	-2.50322955	98.67983942	5.063973204	HMGCLL1	154
ENSG00000171862	20786	-0.466678317	3.65E-11	-0.604895512	-0.328461123	96.5062451	0.10587725	PTEN	156
ENSG00000123091	20185	-0.570360022	2.76E-16	-0.706965432	-0.433754612	96.30466603	0.099625787	RNF11	157
ENSG00000141338	15962	-3.508465396	6.42E-18	-4.305761593	-2.711169198	98.95561091	3.613063931	ABCA8	159
ENSG00000163687	5546	-2.802927077	2.05E-20	-3.396196923	-2.209657231	97.50738149	1.842981575	DNASE1L3	160
ENSG00000110429	21849	-0.366884986	4.40E-15	-0.458569061	-0.275200911	93.52746045	0.041919352	FBXO3	161
ENSG00000138767	21316	-0.297193681	8.60E-11	-0.386948951	-0.207438411	90.44255179	0.036810339	CNOT6L	161
ENSG00000163815	20222	-2.8809359	8.20E-15	-3.608169108	-2.153702692	98.92763949	3.006732394	CLEC3B	163
ENSG00000248874	25246	-3.437900512	6.71E-22	-4.138472761	-2.737328263	85.55438914	2.164357957	C5orf17	164
ENSG00000121871	12351	-4.844867331	1.84E-11	-6.258375381	-3.431359282	98.00167242	11.1271986	SLITRK3	165
ENSG00000144712	24019	-1.25224284	2.93E-11	-1.621317688	-0.883167993	97.9181575	0.746238572	CAND2	166
ENSG00000179564	9095	-2.508870385	2.12E-22	-3.013946207	-2.003794563	91.02695193	1.248956942	LSMEM2	167
ENSG00000175287	17837	-1.792983505	2.36E-13	-2.272642791	-1.313324218	98.28405573	1.297653836	PHYHD1	167
ENSG00000129244	8637	-1.876312958	1.19E-12	-2.393826227	-1.358799688	98.14269062	1.437419405	ATP1B2	169
ENSG00000180875	15265	-3.975517874	9.06E-18	-4.883099187	-3.067936561	98.54116636	4.5708069	GREM2	171
ENSG00000163632	6818	-1.071623896	4.28E-11	-1.390151111	-0.753096681	92.87298562	0.483035509	C3orf49	171
ENSG00000165269	20944	-2.343360338	4.37E-12	-3.006635757	-1.68008492	98.17502721	2.32904186	AQP7	172
ENSG00000248144	28644	-3.768398802	4.57E-15	-4.710686749	-2.826110854	98.36963352	4.789017109	ADH1C	173
ENSG00000181778	20879	-4.331661209	5.18E-15	-5.416971095	-3.246351323	97.92654689	6.472951349	TMEM252	173
ENSG00000162616	15826	-0.975993205	1.18E-15	-1.214923357	-0.737063053	96.39862146	0.298269628	DNAJB4	175
ENSG00000162772	27198	-1.341592642	5.95E-11	-1.743353577	-0.939831707	92.56604414	0.832562059	ATF3	178
ENSG00000074527	10493	-1.389852225	8.59E-20	-1.689019438	-1.090685012	96.45840863	0.453368448	NTN4	179
ENSG00000170345	19740	-1.834749341	8.71E-14	-2.316849435	-1.352649247	94.53623327	1.196165976	FOS	179
ENSG00000184601	28556	-5.975717002	2.80E-30	-6.999979234	-4.951454771	96.726855	5.774957432	C14orf180	180
ENSG00000117400	2576	-1.037327349	1.61E-17	-1.275995373	-0.798659325	89.70616635	0.241270532	MPL	180
ENSG00000104332	28895	-3.648829274	5.86E-13	-4.641608834	-2.656049715	98.99608937	5.605597128	SFRP1	181
ENSG00000118526	5908	-3.322930857	4.21E-12	-4.262761896	-2.383099819	99.23187018	5.092872563	TCF21	182
ENSG00000147027	16265	-1.421636597	5.45E-11	-1.846510616	-0.996762579	98.36648684	0.988407689	TMEM47	185
ENSG00000160801	12124	-2.546076019	3.05E-17	-3.137017427	-1.955134611	98.34483432	1.873095812	PTH1R	186
ENSG00000196569	17642	-1.52840375	7.25E-12	-1.965555591	-1.091251908	96.74907867	0.976515959	LAMA2	188
ENSG00000151090	22486	-1.637481643	4.45E-11	-2.12462121	-1.150342076	99.06320719	1.349230857	THRB	190
ENSG00000102547	7658	-1.174758333	4.89E-11	-1.524987296	-0.82452937	98.3939105	0.678592928	CAB39L	192
ENSG00000134201	16182	-2.950932304	5.57E-22	-3.551077986	-2.350786622	98.09050226	1.950180549	GSTM5	193
ENSG00000091704	13728	-3.190230408	7.42E-12	-4.103134187	-2.27732663	95.13226902	4.270582699	CPA1	195
ENSG00000164303	13401	-2.454637146	5.61E-13	-3.121945687	-1.787328604	97.26215955	2.386675045	ENPP6	198
ENSG00000107317	23154	-2.51190837	1.96E-23	-3.005458466	-2.018358274	96.31135536	1.303974662	PTGDS	199
ENSG00000166856	28698	-2.51695063	1.24E-14	-3.156658769	-1.877242491	97.03923363	2.118190585	GPR182	200
ENSG00000179915	23278	-3.711870139	6.43E-12	-4.770861936	-2.652878342	98.56148079	6.480568311	NRXN1	202
ENSG00000129596	921	-2.952271252	3.57E-11	-3.826227461	-2.078315042	98.89900026	4.273520494	CDO1	204
ENSG00000143196	20658	-3.938065734	6.39E-20	-4.782760492	-3.093370975	97.9785064	3.881558042	DPT	205
ENSG00000111404	28265	-4.215365117	3.36E-13	-5.350392839	-3.080337395	98.99377852	7.386825232	RERGL	208
ENSG00000154330	16004	-2.911640321	1.62E-11	-3.758698721	-2.064581921	99.31385095	4.008787818	PGM5	209
ENSG00000013297	5918	-1.728638054	6.26E-13	-2.199555547	-1.25772056	96.6752137	1.122440727	CLDN11	211
ENSG00000114698	2461	-1.508525476	4.35E-12	-1.935460676	-1.081590276	98.67447531	1.020429593	PLSCR4	212
ENSG00000117758	13331	-0.606149938	2.39E-12	-0.775634493	-0.436665382	97.51323696	0.155206024	STX12	219
ENSG00000163512	29755	-0.330203679	7.27E-11	-0.429543206	-0.230864153	91.50674313	0.047299609	AZI2	219
ENSG00000162999	30820	-0.697855869	5.15E-19	-0.851382144	-0.544329594	91.43273247	0.112674659	DUSP19	221
ENSG00000140876	2807	-0.886245235	6.41E-11	-1.152088228	-0.620402241	97.77342057	0.401652784	NUDT7	227
ENSG00000136143	19563	-0.44635112	1.84E-11	-0.576577071	-0.316125169	95.06131049	0.08737208	SUCLA2	228
ENSG00000127951	14319	-1.674256006	2.27E-12	-2.141903031	-1.206608982	98.00313361	1.187505299	FGL2	229
ENSG00000184905	18253	-4.400746818	1.12E-13	-5.562266177	-3.239227459	98.97908878	7.772932365	TCEAL2	231
ENSG00000147853	22923	-0.731728965	2.78E-12	-0.936949434	-0.526508496	98.2000723	0.241852708	AK3	231
ENSG00000080503	13120	-0.787596793	3.81E-22	-0.947132435	-0.628061151	96.18659509	0.13310825	SMARCA2	232
ENSG00000113851	25004	-0.467802929	5.61E-13	-0.594978455	-0.340627402	95.50197287	0.085141857	CRBN	232
ENSG00000104804	559	-1.726861316	1.23E-18	-2.110968961	-1.342753671	89.51765749	0.626904318	TULP2	234
ENSG00000170153	28985	-2.003545195	5.02E-11	-2.601216128	-1.405874261	98.55361752	1.988913313	RNF150	234
ENSG00000141639	731	-3.281549948	5.76E-12	-4.215654529	-2.347445367	98.61084111	5.017443995	MAPK4	237
ENSG00000125740	22300	-2.852150544	4.06E-23	-3.416671707	-2.287629382	92.92092606	1.60253441	FOSB	241
ENSG00000145708	16064	-3.80079031	1.17E-18	-4.645670537	-2.955910083	98.12504014	3.864246064	CRHBP	242
ENSG00000178343	4266	-2.700679952	5.11E-11	-3.506613205	-1.8947467	97.70970464	3.47220726	SHISA3	242
ENSG00000171357	16658	-1.156879871	1.60E-13	-1.464165198	-0.849594545	95.9458615	0.495207661	LURAP1	243
ENSG00000151240	28278	-0.686742079	8.06E-12	-0.883597921	-0.489886237	94.86816368	0.197338551	DIP2C	244
ENSG00000258289	22802	-0.457441729	2.67E-11	-0.59198389	-0.322899569	93.80355678	0.089686522	CHURC1	244
ENSG00000005812	6080	-0.614197218	3.06E-18	-0.752419237	-0.475975199	96.32656226	0.105377801	FBXL3	246
ENSG00000134463	657	-1.44148819	1.33E-13	-1.82310799	-1.059868389	96.74660278	0.739099619	ECHDC3	246
ENSG00000122035	10864	-1.280364282	6.21E-17	-1.580495903	-0.98023266	95.64425601	0.452749362	RASL11A	247
ENSG00000185432	5190	-1.555808123	2.39E-13	-1.972112833	-1.139503413	98.90825524	0.964146473	METTL7A	249
ENSG00000119138	20968	-1.444350511	4.45E-13	-1.835289539	-1.053411483	98.06489241	0.868075439	KLF9	249
ENSG00000180628	1538	-0.570678861	5.81E-29	-0.670826467	-0.470531256	90.94627203	0.049080971	PCGF5	261
ENSG00000122756	1944	-3.275177383	3.55E-18	-4.013667485	-2.53668728	97.19857328	2.879343561	CNTFR	261
ENSG00000164209	3880	-0.31623589	6.48E-12	-0.406473136	-0.225998644	91.857762	0.040046961	SLC25A46	261
ENSG00000186479	24389	-2.615994105	5.16E-14	-3.297105079	-1.934883132	97.37693905	2.46322391	RGS7BP	262
ENSG00000185010	29161	-1.169154513	6.17E-11	-1.519563038	-0.818745989	97.77499538	0.672254275	F8	267
ENSG00000168546	30060	-2.011488754	8.34E-12	-2.58850116	-1.434476347	98.01093382	1.817550701	GFRA2	269
ENSG00000197561	24348	-3.648301253	7.14E-16	-4.534567159	-2.762035346	96.53655427	4.245890824	ELANE	272
ENSG00000106809	29123	-4.233891702	1.01E-16	-5.233296082	-3.234487322	98.30405528	5.600336468	OGN	273
ENSG00000171303	13706	-2.493651256	1.50E-11	-3.21794255	-1.769359962	98.32176875	2.870883593	KCNK3	276
ENSG00000146374	14940	-2.825171704	6.43E-15	-3.535514248	-2.114829161	97.81260455	2.670517177	RSPO3	277
ENSG00000143028	6471	-1.999002535	5.85E-14	-2.520603742	-1.477401328	98.02886817	1.482404614	SYPL2	277
ENSG00000115137	12624	-0.61533267	1.77E-11	-0.794700614	-0.435964726	96.87883356	0.17415453	DNAJC27	278
ENSG00000164442	30311	-1.118027612	7.24E-11	-1.454344736	-0.781710488	97.84363659	0.604753471	CITED2	280
ENSG00000141469	1218	-1.755633918	9.38E-11	-2.286929352	-1.224338484	96.63131547	1.520743936	SLC14A1	286
ENSG00000174080	30226	-0.959306911	2.54E-11	-1.241150885	-0.677462937	97.31957932	0.410207394	CTSF	287
ENSG00000183287	26292	-3.291951782	8.60E-11	-4.28615062	-2.297752944	99.01650898	5.630624432	CCBE1	292
ENSG00000153993	26942	-2.49935267	6.36E-16	-3.105452549	-1.89325279	97.56933271	1.971609867	SEMA3D	299
ENSG00000112964	27655	-2.172273889	2.40E-14	-2.730473652	-1.614074126	98.36408541	1.706732389	GHR	300
ENSG00000130988	13713	-2.448584003	1.29E-13	-3.096498447	-1.800669559	98.99250192	2.362964878	RGN	304
ENSG00000162407	8295	-1.277638446	3.38E-13	-1.621684271	-0.933592621	98.24682734	0.664120872	PLPP3	317
ENSG00000160339	9648	-3.98105732	3.37E-12	-5.101909606	-2.860205035	96.79561608	6.580915028	FCN2	319
ENSG00000238243	14341	-3.083670209	1.00E-11	-3.97165495	-2.195685469	97.01503996	4.018408685	OR2W3	320
ENSG00000112425	10711	-1.149806235	4.11E-25	-1.36750726	-0.932105209	96.82157495	0.24280691	EPM2A	323
ENSG00000120057	28180	-3.855881741	1.70E-13	-4.881260133	-2.830503348	96.23307621	5.631328593	SFRP5	323
ENSG00000000005	29584	-3.337966131	5.79E-11	-4.336923354	-2.339008908	95.99302806	4.908658509	TNMD	323
ENSG00000182836	27756	-3.554729428	1.22E-11	-4.582602088	-2.526856768	98.7938525	5.999301931	PLCXD3	327
ENSG00000185129	17345	-0.503036861	2.69E-15	-0.627766033	-0.37830769	94.08885687	0.080379244	PURA	328
ENSG00000136100	18711	-0.383146596	3.64E-15	-0.478607762	-0.287685429	93.87456909	0.044882553	VPS36	330
ENSG00000091181	20256	-2.150036026	3.05E-11	-2.784292077	-1.515779976	96.18838492	2.097959789	IL5RA	331
ENSG00000134352	27346	-0.8933067	4.99E-12	-1.146837901	-0.639775499	97.75336541	0.355914317	IL6ST	339
ENSG00000132975	26982	-3.654525583	3.88E-14	-4.601363519	-2.707687647	94.79425871	4.458353838	GPR12	340
ENSG00000196616	7198	-5.8790753	3.25E-32	-6.854308485	-4.903842116	98.53508236	5.321549205	ADH1B	341
ENSG00000168309	18011	-2.748065456	3.89E-13	-3.490013438	-2.006117475	99.05942115	3.16798781	FAM107A	343
ENSG00000180481	24261	-1.252179294	9.82E-15	-1.569199198	-0.935159389	93.28796749	0.499871879	GLIPR1L2	350
ENSG00000115310	23693	-0.446195457	4.66E-11	-0.57907483	-0.313316084	95.29994905	0.088315487	RTN4	351
ENSG00000171819	11887	-4.232701791	1.41E-16	-5.236535894	-3.228867688	96.9221645	5.519522661	ANGPTL7	352
ENSG00000112232	9199	-3.596934904	3.09E-11	-4.658312844	-2.535556964	98.20024706	6.001123994	KHDRBS2	355
ENSG00000258484	3115	-1.375110806	6.77E-14	-1.734836106	-1.015385507	91.91679451	0.637150928	SPESP1	356
ENSG00000172260	21775	-2.451343709	8.08E-11	-3.190615154	-1.712072264	98.49145121	3.055191439	NEGR1	360
ENSG00000159307	26650	-2.053363786	4.90E-12	-2.635919257	-1.470808315	97.73092032	1.820646489	SCUBE1	370
ENSG00000120129	13714	-1.568837405	9.53E-12	-2.020127519	-1.117547292	97.50424403	1.101494417	DUSP1	374
ENSG00000180929	12153	-1.62375691	4.94E-18	-1.99147312	-1.256040699	90.46522674	0.630192738	GPR62	375
ENSG00000163827	10237	-2.6024386	8.76E-12	-3.349730247	-1.855146952	98.93750511	3.193014649	LRRC2	378
ENSG00000065325	30547	-3.590458217	5.79E-13	-4.567120895	-2.613795539	97.39117214	5.082569551	GLP2R	380
ENSG00000144410	18612	-1.61188329	2.31E-11	-2.084477516	-1.139289063	96.88014975	1.211353981	CPO	381
ENSG00000187758	3389	-4.110283837	5.73E-16	-5.105484935	-3.11508274	97.59376847	5.409922908	ADH1A	382
ENSG00000188783	13155	-2.434248613	1.64E-15	-3.033171515	-1.83532571	97.81445649	1.918612611	PRELP	389
ENSG00000269964	29464	-2.588830412	3.23E-14	-3.257452631	-1.920208192	94.22119216	2.189609767	MEI4	392
ENSG00000104938	10535	-4.827732521	9.03E-11	-6.287398114	-3.368066929	97.75379165	11.9619203	CLEC4M	394
ENSG00000144891	22600	-3.143588428	7.04E-13	-4.001872648	-2.285304207	98.80943611	4.150358625	AGTR1	401
ENSG00000136546	23459	-4.100998851	2.43E-14	-5.155041104	-3.046956598	98.83368158	6.468029248	SCN7A	409
ENSG00000189134	19232	-2.354686478	2.80E-14	-2.961348945	-1.748024012	98.47909629	2.026374214	NKAPL	409
ENSG00000077092	2466	-0.789107152	7.52E-14	-0.995916947	-0.582297357	92.24532744	0.197843765	RARB	409
ENSG00000111405	11875	-1.571138946	4.38E-15	-1.963734949	-1.178542942	95.18386263	0.775815388	ENDOU	417
ENSG00000004799	19444	-2.853793208	9.38E-18	-3.50559858	-2.201987835	97.52545046	2.282361464	PDK4	418
ENSG00000005249	5109	-1.869159206	2.57E-26	-2.214321194	-1.523997218	97.08846864	0.63422103	PRKAR2B	425
ENSG00000127083	25988	-3.33787897	9.63E-13	-4.254686564	-2.421071375	98.27541188	4.727422422	OMD	429
ENSG00000120907	17617	-4.109536488	9.51E-19	-5.020614598	-3.198458378	97.66044492	4.400765237	ADRA1A	435
ENSG00000071991	25662	-4.778390528	8.21E-21	-5.779306073	-3.777474983	97.89516364	5.61632315	CDH19	442
ENSG00000189241	22223	-0.674272274	4.04E-12	-0.864817801	-0.483726748	98.26101421	0.204745403	TSPYL1	445
ENSG00000164129	29893	-4.754049403	3.27E-38	-5.474986704	-4.033112102	95.56625703	2.649701598	NPY5R	453
ENSG00000184845	8347	-2.839857436	2.94E-12	-3.637194818	-2.042520053	97.59909929	3.565223209	DRD1	454
ENSG00000101938	17044	-4.396383406	3.26E-20	-5.331964202	-3.46080261	98.37980624	4.897427202	CHRDL1	458
ENSG00000155313	19235	-0.506050089	2.68E-18	-0.619739775	-0.392360403	93.20311387	0.063990285	USP25	458
ENSG00000124440	19261	-2.381784595	1.10E-14	-2.985935182	-1.777634008	97.55067649	1.932781273	HIF3A	458
ENSG00000143869	22226	-1.661564399	1.58E-11	-2.144732231	-1.178396568	96.81142549	1.204479029	GDF7	458
ENSG00000096717	1601	-0.468435024	2.60E-11	-0.606135856	-0.330734192	95.27118346	0.097674825	SIRT1	460
ENSG00000112175	4131	-3.404957969	3.03E-12	-4.361570952	-2.448344986	98.07558759	4.909064897	BMP5	462
ENSG00000164530	12547	-4.655275483	3.56E-24	-5.554832675	-3.755718292	96.65533264	4.238566976	PI16	471
ENSG00000151892	3969	-2.707357257	9.31E-12	-3.485773147	-1.928941367	98.35165238	3.388453106	GFRA1	473
ENSG00000181072	13109	-4.473816791	4.17E-13	-5.683295646	-3.264337935	96.94592202	7.688863967	CHRM2	474
ENSG00000120156	26661	-1.872365155	2.95E-12	-2.398119739	-1.34661057	98.64330605	1.529555298	TEK	476
ENSG00000178385	1157	-0.744298685	1.53E-11	-0.960567592	-0.528029779	92.88961051	0.219400148	PLEKHM3	477
ENSG00000198963	20624	-2.304884201	1.70E-18	-2.819647708	-1.790120694	95.51078483	1.369847362	RORB	478
ENSG00000175084	7148	-3.982339787	6.42E-13	-5.067731084	-2.89694849	98.18328384	6.340822888	DES	478
ENSG00000266524	9847	-3.095812637	2.53E-11	-4.005276411	-2.186348863	97.99917152	4.615818685	GDF10	486
ENSG00000155090	29158	-0.757698712	1.55E-11	-0.977927699	-0.537469726	92.93370094	0.234249202	KLF10	488
ENSG00000103647	10688	-1.684689979	2.73E-11	-2.180426134	-1.188953823	98.18482355	1.338164892	CORO2B	488
ENSG00000173714	4644	-3.081752993	1.41E-15	-3.838203245	-2.325302741	97.10520111	3.119647083	WFIKKN2	492
ENSG00000185739	17301	-1.85925222	1.30E-11	-2.397670815	-1.320833625	97.85191296	1.62309096	SRL	495
ENSG00000140092	2572	-1.818484294	7.07E-13	-2.315022618	-1.32194597	98.49578483	1.408246212	FBLN5	498
ENSG00000168079	8761	-4.617263324	7.51E-46	-5.253941523	-3.980585125	95.02432234	1.948514405	SCARA5	504
ENSG00000136014	19634	-1.72167968	9.39E-15	-2.157247352	-1.286112008	97.54130703	1.047957509	USP44	505
ENSG00000132970	19663	-1.522057605	1.15E-19	-1.850834012	-1.193281198	97.13844971	0.569894179	WASF3	511
ENSG00000171408	26996	-1.489229934	6.63E-15	-1.863854673	-1.114605196	97.8438793	0.777085515	PDE7B	511
ENSG00000184481	17334	-0.820922161	1.44E-13	-1.038575918	-0.603268404	98.14285236	0.264863244	FOXO4	514
ENSG00000172817	2193	-1.097804439	1.95E-12	-1.403515823	-0.792093055	96.16294575	0.483285173	CYP7B1	515
ENSG00000266412	25848	-0.523030052	3.56E-14	-0.658336865	-0.387723239	95.38088391	0.097125822	NCOA4	523
ENSG00000069535	18060	-2.399325652	2.76E-12	-3.07214058	-1.726510723	99.07839266	2.583066698	MAOB	529
ENSG00000120915	3965	-1.365112453	5.24E-12	-1.752932889	-0.977292017	98.63285276	0.839212314	EPHX2	532
ENSG00000120738	20406	-1.652027351	2.00E-12	-2.112326711	-1.19172799	95.50644415	1.132187872	EGR1	553
ENSG00000069667	12864	-0.954873507	3.95E-13	-1.212760023	-0.696986991	96.34299432	0.352373521	RORA	558
ENSG00000165072	3964	-2.996374308	9.22E-11	-3.902770152	-2.089978463	99.17542956	4.647597389	MAMDC2	559
ENSG00000150672	4242	-1.799213579	2.10E-11	-2.325609954	-1.272817204	98.70698403	1.59445673	DLG2	562
ENSG00000164512	19871	-1.701800812	6.89E-11	-2.21313944	-1.190462185	95.60561725	1.403505209	ANKRD55	581
ENSG00000106018	11250	-1.902719797	4.95E-13	-2.418760723	-1.386678872	96.0880379	1.420390774	VIPR2	589
ENSG00000115665	24507	-5.208117516	1.53E-25	-6.185335955	-4.230899077	96.20601285	5.176951441	SLC5A7	590
ENSG00000158828	21161	-0.949717277	1.48E-15	-1.183026497	-0.716408057	97.8400599	0.29902091	PINK1	591
ENSG00000144655	17247	-1.327891141	8.68E-13	-1.691896293	-0.963885989	96.52736136	0.71993221	CSRNP1	599
ENSG00000172869	3010	-0.571049088	1.42E-12	-0.729091983	-0.413006193	95.25306165	0.128221664	DMXL1	599
ENSG00000139505	12043	-0.423051107	1.49E-11	-0.545919202	-0.300183013	94.50573572	0.07853808	MTMR6	632
ENSG00000138639	22210	-1.10108388	9.85E-12	-1.418044531	-0.784123229	97.67139245	0.521453974	ARHGAP24	633
ENSG00000119508	17631	-2.116390505	1.13E-19	-2.573465032	-1.659315977	90.59813891	1.007661786	NR4A3	637
ENSG00000205221	26234	-3.866147185	9.34E-13	-4.927445958	-2.804848412	98.30374156	6.085142294	VIT	641
ENSG00000111885	8343	-1.231654161	1.16E-13	-1.556941193	-0.906367129	97.91396114	0.569572202	MAN1A1	664
ENSG00000171385	14501	-1.822123225	2.75E-13	-2.310927048	-1.333319403	97.76550463	1.285688503	KCND3	666
ENSG00000164161	18609	-2.886490196	7.91E-13	-3.676327151	-2.096653241	98.11201488	3.475956961	HHIP	712
ENSG00000113742	23938	-0.905430244	4.69E-13	-1.150745895	-0.660114592	96.90278677	0.315008486	CPEB4	716
ENSG00000151623	21032	-1.939676492	8.76E-12	-2.496663462	-1.382689521	99.28399384	1.799184965	NR3C2	718
ENSG00000077616	11812	-1.295862592	1.90E-11	-1.674197526	-0.917527657	97.06009351	0.791860173	NAALAD2	719
ENSG00000019995	20620	-0.59310665	2.66E-12	-0.7593016	-0.4269117	96.37108768	0.145858585	ZRANB1	720
ENSG00000163833	8119	-3.30078416	1.63E-13	-4.177891005	-2.423677316	94.12712964	4.084759287	FBXO40	721
ENSG00000165966	15481	-3.289483035	1.01E-11	-4.236967245	-2.341998825	98.4797768	4.989055288	PDZRN4	726
ENSG00000150995	1999	-1.365767194	6.29E-11	-1.775281866	-0.956252522	98.21549831	0.926025017	ITPR1	734
ENSG00000137727	22899	-2.08675071	2.25E-15	-2.602729157	-1.570772264	97.67773784	1.413836159	ARHGAP20	744
ENSG00000081019	14564	-0.353971767	1.67E-12	-0.452243842	-0.255699692	93.51216416	0.048127135	RSBN1	767
ENSG00000168702	29039	-2.618506269	1.03E-11	-3.372948597	-1.864063941	97.10304956	2.998051806	LRP1B	795
ENSG00000030304	207	-2.645984469	2.02E-12	-3.383377202	-1.908591736	96.10902029	2.871474817	MUSK	797
ENSG00000174175	30614	-1.974204978	3.65E-13	-2.506596468	-1.441813488	97.97837351	1.565621479	SELP	803
ENSG00000185271	1963	-3.358144955	1.82E-15	-4.185712951	-2.53057696	96.38235517	3.45901393	KLHL33	811
ENSG00000114166	13152	-1.135175092	1.37E-15	-1.413703831	-0.856646353	98.22805951	0.437368425	KAT2B	846
ENSG00000068976	11499	-2.192466156	1.69E-11	-2.830958778	-1.553973533	98.37067636	2.187108179	PYGM	857
ENSG00000112936	17522	-4.345980142	6.68E-21	-5.254204666	-3.437755618	98.32545436	4.668045847	C7	858
ENSG00000076555	7119	-1.671824134	6.76E-17	-2.064192694	-1.279455574	97.88639956	0.839403977	ACACB	873
ENSG00000036448	85	-1.458410837	9.97E-14	-1.842539099	-1.074282575	95.43120508	0.75448455	MYOM2	905
ENSG00000253953	1832	-1.483400627	2.88E-12	-1.899730261	-1.067070993	96.18585821	0.886006094	PCDHGB4	939
ENSG00000141161	6181	-1.879070233	3.27E-11	-2.434243951	-1.323896516	91.78976165	1.32517296	UNC45B	947
ENSG00000112584	24531	-0.282786816	9.29E-20	-0.34371395	-0.221859682	89.9793209	0.017606802	FAM120B	949
ENSG00000198010	17883	-2.496030817	1.33E-11	-3.219120381	-1.772941254	97.98110184	2.868758905	DLGAP2	995
ENSG00000197579	30248	-0.314871379	2.26E-17	-0.387649973	-0.242092785	88.02521293	0.023708366	TOPORS	1063
ENSG00000158077	24929	-2.050601089	1.19E-12	-2.61616403	-1.485038148	93.53880887	1.468776441	NLRP14	1112
ENSG00000181234	27493	-4.721181769	1.61E-27	-5.572502079	-3.86986146	97.16679177	4.003238245	TMEM132C	1127
ENSG00000145362	21239	-2.395509028	1.14E-11	-3.087194819	-1.703823236	98.64253265	2.668285497	ANK2	1133
ENSG00000171495	10476	-2.620548133	7.18E-11	-3.40869894	-1.832397327	91.23120774	2.967462486	MROH2B	1159
ENSG00000172403	7192	-2.391301892	7.70E-12	-3.076113464	-1.706490319	98.63033499	2.558012869	SYNPO2	1175
ENSG00000116678	17339	-1.766995311	3.67E-12	-2.265353594	-1.268637028	98.13274426	1.368355842	LEPR	1185
ENSG00000107854	24419	-0.226754569	6.39E-12	-0.291439061	-0.162070077	82.04132283	0.016798544	TNKS2	1186
ENSG00000205038	21927	-3.403889823	3.05E-30	-3.987711273	-2.820068373	96.10530239	1.832668204	PKHD1L1	1191
ENSG00000141431	24799	-2.17424543	2.59E-11	-2.813290984	-1.535199877	98.22259046	2.29469932	ASXL3	1211
ENSG00000097096	10609	-1.099467502	2.82E-14	-1.382773852	-0.816161153	95.97257256	0.407372635	SYDE2	1214
ENSG00000084676	27841	-0.550078276	5.00E-24	-0.656720091	-0.443436462	93.01796955	0.058057304	NCOA1	1269
ENSG00000117114	1712	-0.921914123	5.39E-11	-1.197373827	-0.646454419	96.50416443	0.397722433	ADGRL2	1374
ENSG00000157077	23982	-0.61151185	5.92E-13	-0.777923632	-0.445100068	96.24469501	0.142439823	ZFYVE9	1449
ENSG00000198300	22803	-2.579983213	3.92E-20	-3.130211386	-2.029755041	98.09400859	1.663329169	PEG3	1457
ENSG00000089250	28338	-3.16360147	9.34E-18	-3.886124775	-2.441078165	96.44565185	2.816965692	NOS1	1457
ENSG00000196914	11923	-0.430379685	5.37E-12	-0.552712526	-0.308046844	91.96304266	0.069069702	ARHGEF12	1466
ENSG00000101605	25894	-1.975139907	6.58E-14	-2.491578152	-1.458701663	98.05747508	1.400107915	MYOM1	1477
ENSG00000083067	3812	-2.124561294	6.98E-13	-2.704533339	-1.544589249	97.04374701	1.798303168	TRPM3	1593
ENSG00000154262	13866	-2.16870848	4.32E-14	-2.731637733	-1.605779226	98.21421667	1.754770727	ABCA6	1644
ENSG00000156218	11830	-2.21354055	2.90E-18	-2.711328227	-1.715752873	97.53453156	1.347084278	ADAMTSL3	1720
ENSG00000153820	18299	-3.900681817	1.32E-17	-4.795744024	-3.005619611	91.51661467	3.758193618	SPHKAP	1729
ENSG00000168356	27644	-2.054481047	3.62E-15	-2.566304618	-1.542657477	97.201487	1.387468353	SCN11A	1821
ENSG00000139304	18200	-3.291228288	1.13E-12	-4.198040165	-2.38441641	96.50541719	4.254310934	PTPRQ	2338
ENSG00000165124	21493	-1.903758639	8.98E-14	-2.40426498	-1.403252298	96.75791077	1.339365462	SVEP1	3634
ENSG00000168477	27832	-2.851045642	3.86E-14	-3.589636517	-2.112454768	98.56683332	3.021084415	TNXB	4313
ENSG00000196159	17058	-1.392313095	1.96E-11	-1.799061165	-0.985565026	97.47444448	0.901047378	FAT4	5065
ENSG00000131018	14978	-1.689461585	9.13E-16	-2.101416973	-1.277506197	98.42609673	0.949330664	SYNE1	8532
ENSG00000243384	4446	-5.590318605	3.76E-26	-6.626119809	-4.554517401	94.30996761	5.487714101	ncRNA	NA
ENSG00000198416	29499	-0.989558479	9.70E-25	-1.17842384	-0.800693117	86.47029717	0.150651013	ncRNA	NA
ENSG00000280054	18392	-1.003874634	9.00E-24	-1.19961309	-0.808136177	89.51504964	0.175498992	ncRNA	NA
ENSG00000266601	4020	-1.195011572	3.79E-23	-1.431373498	-0.958649646	92.59148964	0.269393497	ncRNA	NA
ENSG00000184139	6396	-3.841384453	8.45E-22	-4.626124576	-3.056644329	92.48315837	3.056856024	ncRNA	NA
ENSG00000255986	8584	-5.023182886	9.44E-22	-6.050560505	-3.995805268	94.82051381	5.65392079	ncRNA	NA
ENSG00000234807	8214	-1.490482488	1.42E-21	-1.796678867	-1.184286109	91.75888884	0.431845814	ncRNA	NA
ENSG00000230555	7357	-0.824762341	7.66E-21	-0.997388039	-0.652136643	88.64083635	0.133270319	ncRNA	NA
ENSG00000274370	22769	-1.668682433	7.43E-20	-2.027246731	-1.310118135	95.78091605	0.6699861	ncRNA	NA
ENSG00000231246	8656	-4.468779296	9.35E-20	-5.431666019	-3.505892574	97.09271751	4.783646209	ncRNA	NA
ENSG00000273682	23803	-2.294120945	1.26E-19	-2.790207845	-1.798034044	86.91031217	1.081182206	ncRNA	NA
ENSG00000213754	21961	-1.635321384	1.95E-19	-1.990812864	-1.279829904	94.94271224	0.673716128	ncRNA	NA
ENSG00000254319	14417	-2.490871723	7.08E-19	-3.04103907	-1.940704376	91.46545776	1.465468517	ncRNA	NA
ENSG00000237489	29299	-0.899005831	2.22E-18	-1.10047759	-0.697534072	96.11475105	0.205337572	ncRNA	NA
ENSG00000237949	19015	-6.070850484	4.95E-18	-7.445714721	-4.695986247	97.6006096	9.888559753	ncRNA	NA
ENSG00000228452	6043	-0.603811308	7.52E-18	-0.741315794	-0.466306823	92.409469	0.094890709	ncRNA	NA
ENSG00000234043	11491	-1.419791075	4.46E-17	-1.751067456	-1.088514694	91.15540793	0.508798395	ncRNA	NA
ENSG00000262061	8524	-2.178243354	4.78E-17	-2.686976678	-1.669510029	97.20843014	1.424961422	ncRNA	NA
ENSG00000238099	2458	-4.577656509	8.74E-17	-5.655929568	-3.49938345	97.78283935	6.15163707	ncRNA	NA
ENSG00000275088	26927	-2.695235135	2.23E-16	-3.338726522	-2.051743748	95.65712836	2.220855419	ncRNA	NA
ENSG00000225398	20195	-5.400344227	2.74E-16	-6.693650265	-4.107038189	98.74265142	9.714418075	ncRNA	NA
ENSG00000180015	7344	-0.80359677	2.95E-16	-0.996251788	-0.610941752	47.80451599	0.081522316	ncRNA	NA
ENSG00000248079	16577	-1.299573152	3.81E-16	-1.61232156	-0.986824744	91.01724102	0.415882456	ncRNA	NA
ENSG00000251209	8881	-2.409549212	6.37E-16	-2.993880839	-1.825217586	91.3965703	1.62653094	ncRNA	NA
ENSG00000227954	17741	-2.644908495	8.40E-16	-3.289018001	-2.000798989	97.69379355	2.292585633	ncRNA	NA
ENSG00000224239	12083	-3.434682765	1.54E-15	-4.278960205	-2.590405325	88.62190224	3.195979765	ncRNA	NA
ENSG00000259905	30289	-3.79650812	1.89E-15	-4.732702373	-2.860313866	94.50563238	4.624599951	ncRNA	NA
ENSG00000258604	14177	-4.241140643	2.31E-15	-5.290221218	-3.192060067	97.17715179	6.001081402	ncRNA	NA
ENSG00000251226	18324	-3.418352628	4.40E-15	-4.272609708	-2.564095549	93.24341737	3.684190923	ncRNA	NA
ENSG00000226413	1251	-2.005947462	4.49E-15	-2.507398898	-1.504496026	95.553686	1.201295531	ncRNA	NA
ENSG00000213373	27536	-2.593033869	6.91E-15	-3.2457618	-1.940305938	94.70677471	2.06264941	ncRNA	NA
ENSG00000226200	27805	-0.612665865	1.21E-14	-0.768318323	-0.457013407	94.16745873	0.119787615	ncRNA	NA
ENSG00000256139	17027	-1.767957414	1.34E-14	-2.217886074	-1.318028754	95.79849536	1.079069554	ncRNA	NA
ENSG00000210194	26760	-4.121452368	1.37E-14	-5.170638059	-3.072266676	84.15491055	4.635979602	ncRNA	NA
ENSG00000257283	12824	-1.780543563	1.52E-14	-2.234592415	-1.326494711	92.04314761	0.995086435	ncRNA	NA
ENSG00000279982	9753	-0.899738942	1.59E-14	-1.129355845	-0.670122038	87.83426505	0.238650112	ncRNA	NA
ENSG00000274220	16917	-0.758173212	1.92E-14	-0.952271029	-0.564075396	90.01045905	0.170716761	ncRNA	NA
ENSG00000277427	19321	-3.852533874	2.21E-14	-4.841136908	-2.863930839	93.5437855	4.982018111	ncRNA	NA
ENSG00000185345	4733	-1.594969948	2.37E-14	-2.00475264	-1.185187255	98.70355918	0.944926147	ncRNA	NA
ENSG00000249456	12095	-1.272534015	2.59E-14	-1.599958574	-0.945109456	92.71392087	0.494312217	ncRNA	NA
ENSG00000241720	11527	-4.591287847	2.78E-14	-5.774069057	-3.408506637	97.68349054	7.76230689	ncRNA	NA
ENSG00000214100	21304	-4.402120868	2.84E-14	-5.536576614	-3.267665123	97.0155045	6.943171966	ncRNA	NA
ENSG00000244476	9854	-2.806157049	3.07E-14	-3.530297216	-2.082016882	97.31392765	2.861343487	ncRNA	NA
ENSG00000227467	8823	-2.588785409	3.52E-14	-3.258384679	-1.919186139	98.16748391	2.43982448	ncRNA	NA
ENSG00000249834	3862	-2.648585393	3.65E-14	-3.334079418	-1.963091367	93.95789231	2.334162415	ncRNA	NA
ENSG00000133104	29532	-1.026959621	5.75E-14	-1.294848541	-0.759070701	98.41344009	0.391735101	ncRNA	NA
ENSG00000250722	2740	-1.781680764	6.14E-14	-2.24696887	-1.316392659	98.20421949	1.16279238	ncRNA	NA
ENSG00000279192	20675	-1.901392978	8.02E-14	-2.400275198	-1.402510757	94.57329655	1.272272543	ncRNA	NA
ENSG00000258998	7010	-2.961177144	9.60E-14	-3.740593308	-2.18176098	91.21017017	2.851780575	ncRNA	NA
ENSG00000180769	27815	-1.094933439	9.62E-14	-1.383144281	-0.806722597	96.93373327	0.422977813	ncRNA	NA
ENSG00000168497	11889	-2.446319232	1.17E-13	-3.092525356	-1.800113109	98.77866475	2.3105801	ncRNA	NA
ENSG00000267328	11433	-5.121578463	1.49E-13	-6.48032997	-3.762826957	96.97246842	9.796228867	ncRNA	NA
ENSG00000230749	8422	-2.064539247	1.60E-13	-2.612938413	-1.516140081	81.27502352	1.235479735	ncRNA	NA
ENSG00000262497	22691	-2.20033254	1.62E-13	-2.784941155	-1.615723924	94.80270346	1.692661361	ncRNA	NA
ENSG00000174403	2098	-3.116894732	1.95E-13	-3.947806233	-2.285983232	94.85850822	3.588811093	ncRNA	NA
ENSG00000250012	26221	-1.108536925	1.97E-13	-1.404110017	-0.812963833	92.76132885	0.414137358	ncRNA	NA
ENSG00000267699	12077	-2.368684461	1.99E-13	-3.000354233	-1.737014688	85.34035897	1.630333263	ncRNA	NA
ENSG00000256508	626	-3.957470654	2.47E-13	-5.017049819	-2.897891489	97.56261247	5.977522886	ncRNA	NA
ENSG00000100181	9104	-1.86852486	2.79E-13	-2.369926102	-1.367123618	97.64429489	1.387004842	ncRNA	NA
ENSG00000225194	18448	-1.963658284	3.50E-13	-2.49279805	-1.434518518	97.94171424	1.564062359	ncRNA	NA
ENSG00000253177	6571	-4.311972305	3.99E-13	-5.476740661	-3.147203948	97.53707808	7.312383112	ncRNA	NA
ENSG00000235902	4528	-3.004238245	4.45E-13	-3.817406779	-2.191069711	90.70210943	3.182928679	ncRNA	NA
ENSG00000224460	4769	-1.498314887	4.61E-13	-1.904135222	-1.092494551	69.5305693	0.529273864	ncRNA	NA
ENSG00000268297	24298	-4.147856985	5.23E-13	-5.273982048	-3.021731922	92.20648335	6.427637794	ncRNA	NA
ENSG00000263508	21037	-3.336754082	6.79E-13	-4.247145056	-2.426363108	97.47705893	4.636968716	ncRNA	NA
ENSG00000254414	24764	-2.691633782	7.16E-13	-3.426758438	-1.956509126	97.31340082	3.000197069	ncRNA	NA
ENSG00000280304	30009	-2.975719503	8.15E-13	-3.790439026	-2.160999981	98.22566275	3.707898069	ncRNA	NA
ENSG00000227910	12200	-1.987141986	8.30E-13	-2.531394535	-1.442889436	90.96823199	1.372266663	ncRNA	NA
ENSG00000224958	19438	-5.774482727	8.38E-13	-7.356327026	-4.192638429	98.85303709	13.76813189	ncRNA	NA
ENSG00000233421	20059	-3.206166353	9.60E-13	-4.08675973	-2.325572975	95.38556782	4.011609003	ncRNA	NA
ENSG00000224957	12431	-3.12247928	1.10E-12	-3.982285909	-2.262672651	98.04246648	4.092656412	ncRNA	NA
ENSG00000272143	27612	-1.880902144	1.15E-12	-2.399348667	-1.36245562	98.76758264	1.549728221	ncRNA	NA
ENSG00000276945	27128	-1.207355573	1.21E-12	-1.540438252	-0.874272894	90.94235753	0.511767684	ncRNA	NA
ENSG00000204179	18586	-1.978979526	1.58E-12	-2.527830987	-1.430128065	94.66042812	1.553507616	ncRNA	NA
ENSG00000230490	10456	-2.150418556	1.64E-12	-2.74723305	-1.553604062	97.87196417	1.966397249	ncRNA	NA
ENSG00000232063	13156	-1.617194729	1.71E-12	-2.066388548	-1.16800091	92.1865574	0.939067166	ncRNA	NA
ENSG00000233170	29385	-1.039643824	1.71E-12	-1.328430364	-0.750857284	95.20956386	0.443756825	ncRNA	NA
ENSG00000214553	7085	-1.785051371	1.86E-12	-2.281673392	-1.288429351	90.88465935	1.067977188	ncRNA	NA
ENSG00000266256	22700	-2.281261919	2.12E-12	-2.917605128	-1.64491871	97.52648283	2.203311879	ncRNA	NA
ENSG00000231768	18258	-2.495515132	2.66E-12	-3.194770471	-1.796259793	98.10996208	2.716608329	ncRNA	NA
ENSG00000275569	16219	-2.460385428	2.74E-12	-3.150221988	-1.770548868	95.90032597	2.460806884	ncRNA	NA
ENSG00000279622	30249	-2.841814173	2.79E-12	-3.638889043	-2.044739303	92.18835304	3.119016427	ncRNA	NA
ENSG00000276772	19488	-3.149366471	2.96E-12	-4.033775711	-2.264957231	98.08949145	4.324968256	ncRNA	NA
ENSG00000264219	28508	-1.211385175	3.01E-12	-1.551674097	-0.871096253	85.95382641	0.460251764	ncRNA	NA
ENSG00000245105	15627	-1.054093412	3.11E-12	-1.350396839	-0.757789986	96.24711028	0.444528621	ncRNA	NA
ENSG00000257551	18338	-3.793888374	3.35E-12	-4.861893359	-2.725883389	95.12820715	5.838557507	ncRNA	NA
ENSG00000228878	21188	-0.653040915	3.45E-12	-0.836989457	-0.469092372	93.78804158	0.164242801	ncRNA	NA
ENSG00000226237	2134	-2.359882711	3.78E-12	-3.025849417	-1.693916005	98.4499012	2.472032561	ncRNA	NA
ENSG00000261888	27565	-1.315755912	4.29E-12	-1.68803522	-0.943476603	96.11529948	0.734673411	ncRNA	NA
ENSG00000253688	30363	-3.315392375	5.48E-12	-4.258173784	-2.372610966	95.08328492	4.448038181	ncRNA	NA
ENSG00000148481	26308	-0.45481501	6.68E-12	-0.584676733	-0.324953287	96.64253531	0.092770285	ncRNA	NA
ENSG00000257052	6434	-1.114120529	7.18E-12	-1.432710576	-0.795530483	93.79784296	0.518807366	ncRNA	NA
ENSG00000271452	15411	-0.513791766	8.07E-12	-0.661072855	-0.366510677	82.30451166	0.08431798	ncRNA	NA
ENSG00000231943	16766	-4.617944617	8.13E-12	-5.941920174	-3.29396906	98.25871577	9.886956243	ncRNA	NA
ENSG00000263400	11974	-1.727164926	8.63E-12	-2.222969232	-1.231360619	99.03871488	1.422626219	ncRNA	NA
ENSG00000249741	341	-2.059334752	8.96E-12	-2.650962937	-1.467706567	96.43505123	1.813311508	ncRNA	NA
ENSG00000267640	5669	-2.385733476	9.12E-12	-3.071382787	-1.700084165	98.16267282	2.536700319	ncRNA	NA
ENSG00000275645	20787	-0.973748564	1.21E-11	-1.255289412	-0.692207715	94.45307464	0.40780048	ncRNA	NA
ENSG00000125375	18950	-0.464587233	1.34E-11	-0.59919804	-0.329976426	96.55077412	0.097088049	ncRNA	NA
ENSG00000231967	15727	-2.582373563	1.37E-11	-3.33096149	-1.833785635	95.03123877	2.789459648	ncRNA	NA
ENSG00000264968	23031	-1.510345779	1.49E-11	-1.94896835	-1.071723208	94.1145827	0.910013559	ncRNA	NA
ENSG00000248441	14517	-1.804441742	1.66E-11	-2.32970155	-1.279181934	98.51636536	1.538443741	ncRNA	NA
ENSG00000226342	1092	-2.023752015	1.69E-11	-2.613041278	-1.434462752	92.05825836	1.610711577	ncRNA	NA
ENSG00000256552	2297	-2.070681274	1.76E-11	-2.67422643	-1.467136118	94.81015793	1.736814069	ncRNA	NA
ENSG00000255850	13481	-3.170515239	1.85E-11	-4.095540824	-2.245489655	90.77013138	3.717142514	ncRNA	NA
ENSG00000275325	26161	-2.129765279	1.85E-11	-2.75114604	-1.508384519	92.21724321	1.851266531	ncRNA	NA
ENSG00000237461	3795	-1.333504646	1.97E-11	-1.723109176	-0.943900117	91.87264119	0.672355748	ncRNA	NA
ENSG00000249159	4463	-2.112122946	2.17E-11	-2.730507733	-1.493738159	90.57855473	1.74170766	ncRNA	NA
ENSG00000234754	7894	-3.046365511	2.30E-11	-3.939407845	-2.153323178	94.55916138	3.699392048	ncRNA	NA
ENSG00000226393	27706	-1.534716494	2.46E-11	-1.98529249	-1.084140498	88.19275774	0.900930607	ncRNA	NA
ENSG00000228549	8485	-2.364669416	2.69E-11	-3.060275257	-1.669063576	95.47868736	2.510130804	ncRNA	NA
ENSG00000258636	28955	-3.68481842	2.83E-11	-4.769976588	-2.599660252	96.44790058	6.039088026	ncRNA	NA
ENSG00000214955	10803	-1.498353805	3.36E-11	-1.941295448	-1.055412162	78.45346573	0.654086207	ncRNA	NA
ENSG00000278214	24429	-1.955778752	3.38E-11	-2.534052823	-1.37750468	93.3796052	1.725545276	ncRNA	NA
ENSG00000259319	8049	-1.225373251	3.48E-11	-1.587905365	-0.862841136	98.2001623	0.720524418	ncRNA	NA
ENSG00000234535	14699	-2.655994409	3.62E-11	-3.44246318	-1.869525637	96.11555992	3.339045923	ncRNA	NA
ENSG00000228401	29458	-2.23388845	3.90E-11	-2.896493099	-1.571283802	97.93682384	2.490111898	ncRNA	NA
ENSG00000223825	20241	-0.629180558	3.95E-11	-0.815852065	-0.442509051	70.94604182	0.129377764	ncRNA	NA
ENSG00000271347	21630	-2.145799903	3.98E-11	-2.782545907	-1.509053899	96.10881342	2.134026675	ncRNA	NA
ENSG00000226889	21605	-2.237749227	4.10E-11	-2.902239172	-1.573259281	94.11080195	2.227004411	ncRNA	NA
ENSG00000267784	3945	-2.49196796	4.11E-11	-3.231986907	-1.751949012	91.75536818	2.652122556	ncRNA	NA
ENSG00000277758	26589	-2.128716913	4.43E-11	-2.761936979	-1.495496847	97.54721983	2.112327827	ncRNA	NA
ENSG00000228962	8165	-3.098149964	4.65E-11	-4.020738244	-2.175561684	98.44222784	4.847453595	ncRNA	NA
ENSG00000248890	18058	-1.721576035	4.66E-11	-2.234267486	-1.208884584	97.28102655	1.437890324	ncRNA	NA
ENSG00000228906	17911	-0.895991821	5.00E-11	-1.163244556	-0.628739086	89.73334827	0.319426318	ncRNA	NA
ENSG00000260105	5445	-2.335454993	5.39E-11	-3.033252773	-1.637657213	97.41547384	2.56014525	ncRNA	NA
ENSG00000267581	5998	-1.835232036	5.63E-11	-2.384108938	-1.286355134	89.22230583	1.237520047	ncRNA	NA
ENSG00000157502	4936	-2.701985206	6.12E-11	-3.511652299	-1.892318113	97.50737684	3.321825341	ncRNA	NA
ENSG00000250934	6545	-3.197645064	6.27E-11	-4.156376975	-2.238913154	97.77670062	5.005792551	ncRNA	NA
ENSG00000255046	18266	-0.843273102	6.66E-11	-1.096454107	-0.590092097	87.35334615	0.277395121	ncRNA	NA
ENSG00000273923	16089	-3.69232034	6.66E-11	-4.800898576	-2.583742103	93.92953611	6.178237955	ncRNA	NA
ENSG00000228039	23430	-1.719863399	6.74E-11	-2.236361448	-1.203365351	73.52780896	1.081002358	ncRNA	NA
ENSG00000242767	21856	-2.278643565	6.76E-11	-2.963004741	-1.594282389	92.52148968	2.047574081	ncRNA	NA
ENSG00000249085	17687	-2.293641356	7.43E-11	-2.984013663	-1.603269049	91.61709533	2.077578558	ncRNA	NA
ENSG00000255090	28541	-2.665515938	7.72E-11	-3.468512602	-1.862519273	98.14896041	3.474833163	ncRNA	NA
ENSG00000278934	5891	-2.400230922	7.72E-11	-3.123319292	-1.677142553	98.38808824	2.757622451	ncRNA	NA
ENSG00000165197	21789	-3.099993331	8.04E-11	-4.034762959	-2.165223702	98.75363443	4.86601648	ncRNA	NA
ENSG00000242611	3296	-3.335764172	8.33E-11	-4.342444804	-2.32908354	90.5546808	4.791387324	ncRNA	NA
