Chromosome	Position	rsID	Reference	Alternate	Protein Consequence	Transcript Consequence	Annotation	Flags	Allele Count	Allele Number	Allele Frequency	Homozygote Count	Hemizygote Count	Allele Count African	Allele Number African	Homozygote Count African	Hemizygote Count African	Allele Count Latino	Allele Number Latino	Homozygote Count Latino	Hemizygote Count Latino	Allele Count Ashkenazi Jewish	Allele Number Ashkenazi Jewish	Homozygote Count Ashkenazi Jewish	Hemizygote Count Ashkenazi Jewish	Allele Count East Asian	Allele Number East Asian	Homozygote Count East Asian	Hemizygote Count East Asian	Allele Count European (Finnish)	Allele Number European (Finnish)	Homozygote Count European (Finnish)	Hemizygote Count European (Finnish)	Allele Count European (non-Finnish)	Allele Number European (non-Finnish)	Homozygote Count European (non-Finnish)	Hemizygote Count European (non-Finnish)	Allele Count Other	Allele Number Other	Homozygote Count Other	Hemizygote Count Other	Allele Count South Asian	Allele Number South Asian	Homozygote Count South Asian	Hemizygote Count South Asian
1	17660499	rs874881	G	C	p.Gly112Ala	c.335G>C	missense_variant	mnv	153876	282528	0.544639823	42354	0	11950	24912	2852	0	17646	35414	4475	0	5976	10366	1728	0	11537	19926	3370	0	14020	25100	3895	0	72654	128986	20591	0	4016	7216	1148	0	16077	30608	4295	0
1	17657616	rs11203367	T	C	p.Val82Ala	c.245T>C	missense_variant	mnv	156769	278928	0.5620411	44530	0	12389	24746	3096	0	17199	34192	4407	0	6105	10244	1824	0	11334	19574	3319	0	14775	25068	4340	0	75039	127914	22095	0	4057	7076	1199	0	15871	30114	4250	0
1	17657534	rs11203366	G	A	p.Gly55Ser	c.163G>A	missense_variant		155019	277412	0.558804233	43841	0	11660	24602	2760	0	16979	33862	4341	0	6086	10228	1815	0	11189	19360	3270	0	14776	25060	4343	0	74745	127438	22001	0	3982	6976	1170	0	15602	29886	4141	0
1	17672566	rs145819522	G	C	p.Ala327Pro	c.979G>C	missense_variant		421	282804	0.001488664	7	0	0	24970	0	0	0	35422	0	0	0	10364	0	0	408	19950	7	0	0	25124	0	0	0	129134	0	0	3	7224	0	0	10	30616	0	0
1	17657607	rs35809521	C	G	p.Thr79Arg	c.236C>G	missense_variant		261	279788	0.000932849	4	0	0	24812	0	0	1	34370	0	0	0	10276	0	0	259	19674	4	0	0	25094	0	0	1	128246	0	0	0	7102	0	0	0	30214	0	0
1	17666263	rs147414271	G	A	p.Val203Met	c.607G>A	missense_variant		120	281836	0.00042578	1	0	4	24882	0	0	0	35326	0	0	0	10334	0	0	113	19898	1	0	0	25090	0	0	3	128594	0	0	0	7198	0	0	0	30514	0	0
1	17685794	rs372008075	G	A	p.Arg550His	c.1649G>A	missense_variant		34	282372	0.000120409	0	0	0	24926	0	0	2	35406	0	0	0	10358	0	0	30	19948	0	0	0	25106	0	0	1	128800	0	0	0	7212	0	0	1	30616	0	0
1	17668609	rs1748020	C	T	p.Ser275Phe	c.824C>T	missense_variant		12754	282536	0.04514115	399	0	2525	24960	130	0	535	35400	4	0	350	10342	6	0	17	19946	0	0	1438	25090	50	0	6944	128976	194	0	272	7212	10	0	673	30610	5	0
1	17662708	rs200387282	C	T	p.Ala132Val	c.395C>T	missense_variant		15	251338	5.97E-05	0	0	0	16250	0	0	0	34560	0	0	0	10070	0	0	15	18388	0	0	0	21644	0	0	0	113688	0	0	0	6130	0	0	0	30608	0	0
1	17634718	rs141280036	A	G	p.Met1?	c.1A>G	start_lost		403	282374	0.001427185	0	0	8	24952	0	0	13	35418	0	0	15	10354	0	0	13	19942	0	0	31	25024	0	0	307	128850	0	0	13	7218	0	0	3	30616	0	0
1	17682572	rs200193047	G	A	p.Val469Met	c.1405G>A	missense_variant		124	282748	0.000438553	0	0	0	24950	0	0	0	35436	0	0	0	10364	0	0	7	19948	0	0	42	25116	0	0	69	129100	0	0	6	7218	0	0	0	30616	0	0
1	17681071	rs145686734	G	C	p.Gly400Ala	c.1199G>C	missense_variant		16	282826	5.66E-05	0	0	0	24972	0	0	6	35432	0	0	0	10370	0	0	7	19954	0	0	0	25124	0	0	3	129138	0	0	0	7220	0	0	0	30616	0	0
1	17666198	rs146293165	C	T	p.Ser181Leu	c.542C>T	missense_variant		12	282800	4.24E-05	0	0	2	24960	0	0	1	35438	0	0	0	10364	0	0	7	19952	0	0	0	25116	0	0	0	129134	0	0	0	7220	0	0	2	30616	0	0
1	17660495	rs575630557	A	T	p.Thr111Ser	c.331A>T	missense_variant		7	251442	2.78E-05	0	0	0	16256	0	0	0	34590	0	0	0	10080	0	0	7	18394	0	0	0	21646	0	0	0	113726	0	0	0	6134	0	0	0	30616	0	0
1	17634746	rs201885629	C	A	p.Thr10Asn	c.29C>A	missense_variant		7	282654	2.48E-05	0	0	0	24956	0	0	0	35422	0	0	0	10358	0	0	7	19944	0	0	0	25082	0	0	0	129056	0	0	0	7220	0	0	0	30616	0	0
1	17662684	rs571787244	C	A	p.Thr124Asn	c.371C>A	missense_variant		8	251380	3.18E-05	0	0	0	16256	0	0	0	34572	0	0	0	10076	0	0	6	18390	0	0	0	21648	0	0	2	113698	0	0	0	6132	0	0	0	30608	0	0
1	17657511	rs764319833	G	A	p.Gly47Glu	c.140G>A	missense_variant		6	242490	2.47E-05	0	0	0	15680	0	0	0	32070	0	0	0	9776	0	0	6	17412	0	0	0	21532	0	0	0	110840	0	0	0	5764	0	0	0	29416	0	0
1	17668440	rs530325059	G	T	p.Gly219Cys	c.655G>T	missense_variant		6	249680	2.40E-05	0	0	0	16130	0	0	0	34434	0	0	0	9968	0	0	6	18332	0	0	0	21542	0	0	0	112670	0	0	0	6090	0	0	0	30514	0	0
1	17668851	rs758604276	A	T	p.Ile297Phe	c.889A>T	missense_variant		6	251118	2.39E-05	0	0	0	16254	0	0	0	34570	0	0	0	10070	0	0	6	18388	0	0	0	21634	0	0	0	113466	0	0	0	6122	0	0	0	30614	0	0
1	17685796	rs763896520	G	A	p.Glu551Lys	c.1651G>A	missense_variant		7	282478	2.48E-05	0	0	0	24924	0	0	0	35426	0	0	0	10364	0	0	5	19950	0	0	0	25112	0	0	2	128870	0	0	0	7218	0	0	0	30614	0	0
