1	17413121	rs2076615	A	C	gnomAD Exomes,gnomAD Genomes	PASS	PASS	p.Val162Gly	p.Val162Gly	c.485T>G	missense_variant		83789	282532	0.296564637	13928	0	6362	24936	806	0	9436	35414	1274	0	2303	10360	254	0	11341	19928	3243	0	8607	25104	1498	0	31420	128976	3956	0	1959	7216	261	0	12361	30598	2636	0
1	17431434	rs144200280	G	A	gnomAD Exomes,gnomAD Genomes	PASS	PASS	p.Ser72Leu	p.Ser72Leu	c.215C>T	missense_variant		683	277076	0.002465028	14	0	2	24796	0	0	3	35068	0	0	24	10300	0	0	629	19812	14	0	0	21650	0	0	9	127890	0	0	6	7112	0	0	10	30448	0	0
1	17413127	rs35184728	G	A	gnomAD Exomes,gnomAD Genomes	PASS	PASS	p.Thr160Ile	p.Thr160Ile	c.479C>T	missense_variant		2163	282734	0.0076503	60	0	1796	24962	57	0	96	35428	1	0	0	10362	0	0	188	19948	2	0	1	25114	0	0	30	129088	0	0	23	7216	0	0	29	30616	0	0
1	17405846	rs781688957	A	G	gnomAD Exomes,gnomAD Genomes	PASS	PASS	p.Phe408Ser	p.Phe408Ser	c.1223T>C	missense_variant		35	282714	0.0001238	0	0	0	24958	0	0	0	35418	0	0	0	10360	0	0	35	19946	0	0	0	25124	0	0	0	129078	0	0	0	7218	0	0	0	30612	0	0
1	17401358	rs768748616	C	T	gnomAD Exomes,gnomAD Genomes	PASS	PASS	p.Met514Ile	p.Met514Ile	c.1542G>A	missense_variant		27	280416	9.62855E-05	0	0	0	24816	0	0	0	35018	0	0	0	10270	0	0	27	19914	0	0	0	24812	0	0	0	128152	0	0	0	7160	0	0	0	30274	0	0
1	17413021	rs202113399	C	T	gnomAD Exomes	PASS	NA	p.Trp195Ter	p.Trp195Ter	c.585G>A	stop_gained	lof_flag	11	247382	4.44656E-05	0	0	0	15962	0	0	0	34364	0	0	0	9898	0	0	11	18194	0	0	0	21216	0	0	0	111220	0	0	0	6052	0	0	0	30476	0	0
1	17396692	rs771528631	C	T	gnomAD Exomes,gnomAD Genomes	PASS	PASS	p.Arg552His	p.Arg552His	c.1655G>A	missense_variant		17	282660	6.01429E-05	0	0	5	24958	0	0	0	35408	0	0	0	10358	0	0	10	19954	0	0	0	25062	0	0	0	129092	0	0	0	7218	0	0	2	30610	0	0
1	17411145	rs761504430	G	A	gnomAD Exomes,gnomAD Genomes	PASS	PASS	p.Pro296Leu	p.Pro296Leu	c.887C>T	missense_variant		10	222198	4.50049E-05	0	0	0	19830	0	0	0	29282	0	0	0	9304	0	0	9	15330	0	0	0	20586	0	0	1	97304	0	0	0	6120	0	0	0	24442	0	0
1	17431417	rs187842443	G	A	gnomAD Exomes,gnomAD Genomes	PASS	PASS	p.Arg78Trp	p.Arg78Trp	c.232C>T	missense_variant		29	274710	0.000105566	0	0	0	24790	0	0	0	34872	0	0	0	10264	0	0	8	19740	0	0	4	20490	0	0	12	127192	0	0	4	7076	0	0	1	30286	0	0
1	17413089	rs200384530	C	T	gnomAD Exomes	PASS	NA	p.Gly254Asp	p.Gly254Asp	c.761G>A	missense_variant		6	251250	2.38806E-05	0	0	0	16248	0	0	0	34578	0	0	0	10072	0	0	6	18382	0	0	0	21634	0	0	0	113590	0	0	0	6132	0	0	0	30614	0	0
